2.627484e+08 2.189964e-09 4.285832e+02 3.035807e+03   
2.622055e+08 2.426177e-09 4.787268e+02 3.062020e+03   
2.616626e+08 2.685734e-09 5.343240e+02 3.088551e+03   
2.611198e+08 2.970220e-09 5.957909e+02 3.115252e+03   
2.605769e+08 3.282830e-09 6.639279e+02 3.142258e+03   
2.600340e+08 3.626028e-09 7.393054e+02 3.169244e+03   
2.594912e+08 4.003321e-09 8.227766e+02 3.196202e+03   
2.589483e+08 4.417824e-09 9.150592e+02 3.222854e+03   
2.584054e+08 4.873522e-09 1.017107e+03 3.249055e+03   
2.578626e+08 5.373830e-09 1.129666e+03 3.274546e+03   
2.573197e+08 5.922749e-09 1.253603e+03 3.299078e+03   
2.567768e+08 6.524836e-09 1.390011e+03 3.322414e+03   
2.562339e+08 7.186249e-09 1.540265e+03 3.344727e+03   
2.556911e+08 7.913186e-09 1.705793e+03 3.365915e+03   
2.551482e+08 8.712025e-09 1.888086e+03 3.385993e+03   
2.546053e+08 9.589450e-09 2.088670e+03 3.404832e+03   
2.540625e+08 1.055306e-08 2.309282e+03 3.422682e+03   
2.535196e+08 1.161106e-08 2.551831e+03 3.439491e+03   
2.529767e+08 1.277299e-08 2.818598e+03 3.455482e+03   
2.524339e+08 1.404967e-08 3.112141e+03 3.470687e+03   
2.518910e+08 1.545341e-08 3.435490e+03 3.485272e+03   
2.513481e+08 1.699646e-08 3.791581e+03 3.499506e+03   
2.508053e+08 1.869102e-08 4.183251e+03 3.513329e+03   
2.502624e+08 2.055023e-08 4.613501e+03 3.526527e+03   
2.497195e+08 2.258931e-08 5.085887e+03 3.539230e+03   
2.491767e+08 2.482536e-08 5.604726e+03 3.551595e+03   
2.486338e+08 2.727882e-08 6.174797e+03 3.563700e+03   
2.480909e+08 2.996992e-08 6.801392e+03 3.575716e+03   
2.475481e+08 3.291963e-08 7.489638e+03 3.587639e+03   
2.470052e+08 3.614867e-08 8.245137e+03 3.599648e+03   
2.464623e+08 3.967847e-08 9.073666e+03 3.611829e+03   
2.459194e+08 4.353276e-08 9.981556e+03 3.624354e+03   
2.453766e+08 4.773573e-08 1.097642e+04 3.637362e+03   
2.448337e+08 5.231549e-08 1.206663e+04 3.650987e+03   
2.442908e+08 5.730210e-08 1.326161e+04 3.665435e+03   
2.437480e+08 6.272765e-08 1.457188e+04 3.680895e+03   
2.432051e+08 6.862453e-08 1.600782e+04 3.697409e+03   
2.426622e+08 7.501510e-08 1.757894e+04 3.715129e+03   
2.421194e+08 8.191769e-08 1.929356e+04 3.734108e+03   
2.415765e+08 8.934916e-08 2.116075e+04 3.754488e+03   
2.410336e+08 9.732927e-08 2.318987e+04 3.776330e+03   
2.404908e+08 1.058772e-07 2.539155e+04 3.799677e+03   
2.399479e+08 1.150216e-07 2.777851e+04 3.824612e+03   
2.394050e+08 1.247924e-07 3.036538e+04 3.851203e+03   
2.388622e+08 1.352140e-07 3.316666e+04 3.879663e+03   
2.383193e+08 1.462965e-07 3.619458e+04 3.910110e+03   
2.377764e+08 1.580363e-07 3.945825e+04 3.942741e+03   
2.372335e+08 1.704267e-07 4.296848e+04 3.977647e+03   
2.366907e+08 1.834467e-07 4.673193e+04 4.015014e+03   
2.361478e+08 1.970774e-07 5.075844e+04 4.055141e+03   
2.356049e+08 2.113185e-07 5.506868e+04 4.098565e+03   
2.350621e+08 2.261580e-07 5.968368e+04 4.145796e+03   
2.345192e+08 2.414929e-07 6.459631e+04 4.197281e+03   
2.339763e+08 2.571822e-07 6.978150e+04 4.252649e+03   
2.334335e+08 2.731799e-07 7.525499e+04 4.312941e+03   
2.328906e+08 2.894722e-07 8.106060e+04 4.379337e+03   
2.323477e+08 3.059625e-07 8.720129e+04 4.452097e+03   
2.318049e+08 3.224423e-07 9.361719e+04 4.530812e+03   
2.312620e+08 3.388609e-07 1.003107e+05 4.615357e+03   
2.307191e+08 3.552714e-07 1.073434e+05 4.706906e+03   
2.301763e+08 3.715850e-07 1.147109e+05 4.805486e+03   
2.296334e+08 3.876720e-07 1.223494e+05 4.909190e+03   
2.290905e+08 4.034305e-07 1.302168e+05 5.017975e+03   
2.285477e+08 4.190348e-07 1.384134e+05 5.132856e+03   
2.280048e+08 4.346307e-07 1.469975e+05 5.253580e+03   
2.274619e+08 4.500247e-07 1.558893e+05 5.379643e+03   
2.269190e+08 4.650104e-07 1.649410e+05 5.508043e+03   
2.263762e+08 4.794015e-07 1.741330e+05 5.641048e+03   
2.258333e+08 4.932585e-07 1.836145e+05 5.782688e+03   
2.252904e+08 5.065219e-07 1.934447e+05 5.935375e+03   
2.247476e+08 5.187157e-07 2.035268e+05 6.101418e+03   
2.242047e+08 5.297641e-07 2.138411e+05 6.281655e+03   
2.236618e+08 5.399014e-07 2.244055e+05 6.473707e+03   
2.231190e+08 5.492020e-07 2.352297e+05 6.677157e+03   
2.225761e+08 5.577704e-07 2.461469e+05 6.885903e+03   
2.220332e+08 5.659841e-07 2.572577e+05 7.097807e+03   
2.214904e+08 5.744046e-07 2.686648e+05 7.307135e+03   
2.209475e+08 5.834125e-07 2.803316e+05 7.506254e+03   
2.204046e+08 5.931692e-07 2.922228e+05 7.691963e+03   
2.198618e+08 6.038866e-07 3.044097e+05 7.863708e+03   
2.193189e+08 6.156687e-07 3.169772e+05 8.022123e+03   
2.187760e+08 6.284141e-07 3.298984e+05 8.168680e+03   
2.182331e+08 6.419433e-07 3.431087e+05 8.304524e+03   
2.176903e+08 6.561782e-07 3.566286e+05 8.431699e+03   
2.171474e+08 6.711131e-07 3.704962e+05 8.551600e+03   
2.166045e+08 6.867405e-07 3.847592e+05 8.665336e+03   
2.160617e+08 7.029798e-07 3.994047e+05 8.774038e+03   
2.155188e+08 7.197137e-07 4.143669e+05 8.878405e+03   
2.149759e+08 7.369213e-07 4.296419e+05 8.977614e+03   
2.144331e+08 7.547094e-07 4.453244e+05 9.072375e+03   
2.138902e+08 7.731840e-07 4.615214e+05 9.164379e+03   
2.133473e+08 7.923403e-07 4.782321e+05 9.254467e+03   
2.128045e+08 8.120956e-07 4.953852e+05 9.341033e+03   
2.122616e+08 8.323551e-07 5.129579e+05 9.423050e+03   
2.117187e+08 8.531888e-07 5.309901e+05 9.502809e+03   
2.111759e+08 8.746315e-07 5.495709e+05 9.583129e+03   
2.106330e+08 8.967008e-07 5.687018e+05 9.661530e+03   
2.100901e+08 9.193045e-07 5.883350e+05 9.736310e+03   
2.095473e+08 9.424384e-07 6.084486e+05 9.807381e+03   
2.090044e+08 9.660740e-07 6.290691e+05 9.879683e+03   
2.084615e+08 9.902694e-07 6.502674e+05 9.952656e+03   
2.079186e+08 1.015109e-06 6.720800e+05 1.002369e+04   
2.073758e+08 1.040544e-06 6.945033e+05 1.009026e+04   
2.068329e+08 1.066558e-06 7.174829e+05 1.015468e+04   
2.062900e+08 1.093123e-06 7.410673e+05 1.022308e+04   
2.057472e+08 1.120213e-06 7.652351e+05 1.029094e+04   
2.052043e+08 1.147862e-06 7.900258e+05 1.035643e+04   
2.046614e+08 1.176091e-06 8.153797e+05 1.041613e+04   
2.041186e+08 1.204896e-06 8.413750e+05 1.047559e+04   
2.035757e+08 1.234347e-06 8.680185e+05 1.053913e+04   
2.030328e+08 1.264468e-06 8.953679e+05 1.060295e+04   
2.024900e+08 1.295280e-06 9.234771e+05 1.066378e+04   
2.019471e+08 1.326753e-06 9.522939e+05 1.071862e+04   
2.014042e+08 1.358839e-06 9.818321e+05 1.077375e+04   
2.008614e+08 1.391528e-06 1.012074e+06 1.083385e+04   
2.003185e+08 1.424858e-06 1.043041e+06 1.089547e+04   
1.997756e+08 1.458856e-06 1.074746e+06 1.095403e+04   
1.992328e+08 1.493524e-06 1.107220e+06 1.100621e+04   
1.986899e+08 1.528854e-06 1.140465e+06 1.105612e+04   
1.981470e+08 1.564854e-06 1.174496e+06 1.111017e+04   
1.976041e+08 1.601516e-06 1.209317e+06 1.117116e+04   
1.970613e+08 1.638904e-06 1.244963e+06 1.122817e+04   
1.965184e+08 1.676972e-06 1.281469e+06 1.128042e+04   
1.959755e+08 1.715744e-06 1.318816e+06 1.132614e+04   
1.954327e+08 1.755217e-06 1.357009e+06 1.137498e+04   
1.948898e+08 1.795429e-06 1.396107e+06 1.143242e+04   
1.943469e+08 1.836459e-06 1.436148e+06 1.148912e+04   
1.938041e+08 1.878241e-06 1.477138e+06 1.154266e+04   
1.932612e+08 1.920781e-06 1.519084e+06 1.158868e+04   
1.927183e+08 1.964135e-06 1.561922e+06 1.163202e+04   
1.921755e+08 2.008211e-06 1.605725e+06 1.168001e+04   
1.916326e+08 2.052857e-06 1.650491e+06 1.174042e+04   
1.910897e+08 2.098385e-06 1.696208e+06 1.179335e+04   
1.905469e+08 2.144957e-06 1.743070e+06 1.184290e+04   
1.900040e+08 2.192274e-06 1.790914e+06 1.188420e+04   
1.894611e+08 2.240225e-06 1.839871e+06 1.192661e+04   
1.889182e+08 2.288995e-06 1.889846e+06 1.197499e+04   
1.883754e+08 2.338696e-06 1.940933e+06 1.203537e+04   
1.878325e+08 2.389470e-06 1.993087e+06 1.208554e+04   
1.872896e+08 2.441115e-06 2.046406e+06 1.213164e+04   
1.867468e+08 2.493416e-06 2.100748e+06 1.216949e+04   
1.862039e+08 2.546495e-06 2.156278e+06 1.221065e+04   
1.856610e+08 2.600444e-06 2.212993e+06 1.225961e+04   
1.851182e+08 2.655291e-06 2.270931e+06 1.231948e+04   
1.845753e+08 2.711047e-06 2.330239e+06 1.236767e+04   
1.840324e+08 2.767722e-06 2.390800e+06 1.241106e+04   
1.834896e+08 2.825382e-06 2.452612e+06 1.244652e+04   
1.829467e+08 2.884029e-06 2.515609e+06 1.248615e+04   
1.824038e+08 2.943592e-06 2.579883e+06 1.253459e+04   
1.818610e+08 3.004111e-06 2.645442e+06 1.259536e+04   
1.813181e+08 3.065595e-06 2.712326e+06 1.264220e+04   
1.807752e+08 3.128126e-06 2.780488e+06 1.268398e+04   
1.802324e+08 3.191680e-06 2.849939e+06 1.271766e+04   
1.796895e+08 3.256373e-06 2.920745e+06 1.275517e+04   
1.791466e+08 3.322128e-06 2.992921e+06 1.279939e+04   
1.786037e+08 3.388876e-06 3.066663e+06 1.286372e+04   
1.780609e+08 3.456482e-06 3.142282e+06 1.290949e+04   
1.775180e+08 3.524824e-06 3.219616e+06 1.295105e+04   
1.769751e+08 3.593960e-06 3.298201e+06 1.298319e+04   
1.764323e+08 3.664618e-06 3.377682e+06 1.301821e+04   
1.758894e+08 3.736918e-06 3.458615e+06 1.305782e+04   
1.753465e+08 3.810259e-06 3.542343e+06 1.312576e+04   
1.748037e+08 3.883940e-06 3.627559e+06 1.317119e+04   
1.742608e+08 3.958456e-06 3.713180e+06 1.321362e+04   
1.737179e+08 4.036405e-06 3.801476e+06 1.324517e+04   
1.731751e+08 4.112872e-06 3.891647e+06 1.327668e+04   
1.726322e+08 4.190674e-06 3.982238e+06 1.331375e+04   
1.720893e+08 4.272534e-06 4.076118e+06 1.338089e+04   
1.715465e+08 4.352030e-06 4.170489e+06 1.342777e+04   
1.710036e+08 4.433006e-06 4.267929e+06 1.347146e+04   
1.704607e+08 4.519266e-06 4.365689e+06 1.350401e+04   
1.699179e+08 4.602918e-06 4.466056e+06 1.353251e+04   
1.693750e+08 4.686105e-06 4.568026e+06 1.356742e+04   
1.688321e+08 4.775272e-06 4.673688e+06 1.362495e+04   
1.682892e+08 4.865192e-06 4.779580e+06 1.368143e+04   
1.677464e+08 4.953197e-06 4.886928e+06 1.372454e+04   
1.672035e+08 5.041366e-06 4.995864e+06 1.375981e+04   
1.666606e+08 5.136107e-06 5.107304e+06 1.378679e+04   
1.661178e+08 5.232312e-06 5.222306e+06 1.381808e+04   
1.655749e+08 5.326641e-06 5.339832e+06 1.385680e+04   
1.650320e+08 5.419572e-06 5.459067e+06 1.393052e+04   
1.644892e+08 5.515483e-06 5.579979e+06 1.397317e+04   
1.639463e+08 5.616635e-06 5.702799e+06 1.401228e+04   
1.634034e+08 5.720085e-06 5.827573e+06 1.403907e+04   
1.628606e+08 5.823188e-06 5.954605e+06 1.406625e+04   
1.623177e+08 5.925459e-06 6.083995e+06 1.409933e+04   
1.617748e+08 6.027680e-06 6.215794e+06 1.417233e+04   
1.612320e+08 6.130566e-06 6.350026e+06 1.421896e+04   
1.606891e+08 6.236836e-06 6.486716e+06 1.426092e+04   
1.601462e+08 6.346064e-06 6.625618e+06 1.429087e+04   
1.596033e+08 6.457470e-06 6.766414e+06 1.431545e+04   
1.590605e+08 6.570647e-06 6.908889e+06 1.434620e+04   
1.585176e+08 6.685261e-06 7.052837e+06 1.439389e+04   
1.579747e+08 6.801046e-06 7.199305e+06 1.446424e+04   
1.574319e+08 6.918105e-06 7.350341e+06 1.450516e+04   
1.568890e+08 7.036356e-06 7.506486e+06 1.454115e+04   
1.563461e+08 7.155795e-06 7.665734e+06 1.456476e+04   
1.558033e+08 7.276471e-06 7.823775e+06 1.459046e+04   
1.552604e+08 7.398294e-06 7.981187e+06 1.462134e+04   
1.547175e+08 7.521261e-06 8.145747e+06 1.470137e+04   
1.541747e+08 7.645514e-06 8.317066e+06 1.474575e+04   
1.536318e+08 7.772287e-06 8.485260e+06 1.478677e+04   
1.530889e+08 7.899017e-06 8.654101e+06 1.481391e+04   
1.525461e+08 8.034045e-06 8.836281e+06 1.483675e+04   
1.520032e+08 8.162810e-06 9.011892e+06 1.486574e+04   
1.514603e+08 8.306130e-06 9.187998e+06 1.491424e+04   
1.509175e+08 8.436753e-06 9.381951e+06 1.498743e+04   
1.503746e+08 8.578991e-06 9.567178e+06 1.502727e+04   
1.498317e+08 8.715957e-06 9.750935e+06 1.506265e+04   
1.492888e+08 8.848621e-06 9.945893e+06 1.508467e+04   
1.487460e+08 9.003485e-06 1.015203e+07 1.510788e+04   
1.482031e+08 9.136484e-06 1.035011e+07 1.513785e+04   
1.476602e+08 9.293343e-06 1.054317e+07 1.522025e+04   
1.471174e+08 9.441259e-06 1.074786e+07 1.526572e+04   
1.465745e+08 9.576878e-06 1.096860e+07 1.530582e+04   
1.460316e+08 9.746728e-06 1.118602e+07 1.533298e+04   
1.454888e+08 9.891870e-06 1.139958e+07 1.535399e+04   
1.449459e+08 1.003957e-05 1.160933e+07 1.538011e+04   
1.444030e+08 1.021447e-05 1.182500e+07 1.541971e+04   
1.438602e+08 1.036118e-05 1.205544e+07 1.550413e+04   
1.433173e+08 1.051651e-05 1.229395e+07 1.554350e+04   
1.427744e+08 1.069841e-05 1.253379e+07 1.557992e+04   
1.422316e+08 1.085354e-05 1.277456e+07 1.560064e+04   
1.416887e+08 1.100674e-05 1.301660e+07 1.562068e+04   
1.411458e+08 1.119594e-05 1.326005e+07 1.565079e+04   
1.406029e+08 1.136947e-05 1.350609e+07 1.573036e+04   
1.400601e+08 1.151893e-05 1.375577e+07 1.578088e+04   
1.395172e+08 1.170121e-05 1.401003e+07 1.581966e+04   
1.389743e+08 1.189634e-05 1.426917e+07 1.584859e+04   
1.384315e+08 1.207007e-05 1.453347e+07 1.586831e+04   
1.378886e+08 1.222820e-05 1.480277e+07 1.589102e+04   
1.373457e+08 1.241901e-05 1.507712e+07 1.591990e+04   
1.368029e+08 1.262246e-05 1.535644e+07 1.601469e+04   
1.362600e+08 1.281374e-05 1.563884e+07 1.605447e+04   
1.357171e+08 1.298149e-05 1.592271e+07 1.609344e+04   
1.351743e+08 1.316225e-05 1.620641e+07 1.611433e+04   
1.346314e+08 1.336817e-05 1.649067e+07 1.613281e+04   
1.340885e+08 1.357996e-05 1.677833e+07 1.616031e+04   
1.335457e+08 1.378499e-05 1.708071e+07 1.622478e+04   
1.330028e+08 1.397317e-05 1.738668e+07 1.629206e+04   
1.324599e+08 1.415719e-05 1.771746e+07 1.632983e+04   
1.319171e+08 1.435555e-05 1.802455e+07 1.636238e+04   
1.313742e+08 1.456950e-05 1.833418e+07 1.638012e+04   
1.308313e+08 1.479046e-05 1.866729e+07 1.639942e+04   
1.302884e+08 1.501224e-05 1.897505e+07 1.642771e+04   
1.297456e+08 1.523316e-05 1.933676e+07 1.651984e+04   
1.292027e+08 1.544699e-05 1.966998e+07 1.656180e+04   
1.286598e+08 1.566263e-05 1.997853e+07 1.660055e+04   
1.281170e+08 1.586703e-05 2.036765e+07 1.662825e+04   
1.275741e+08 1.609285e-05 2.071450e+07 1.664764e+04   
1.270312e+08 1.630041e-05 2.103076e+07 1.667141e+04   
1.264884e+08 1.654232e-05 2.143643e+07 1.670650e+04   
1.259455e+08 1.675277e-05 2.180854e+07 1.680043e+04   
1.254026e+08 1.700792e-05 2.213101e+07 1.683810e+04   
1.248598e+08 1.721939e-05 2.253221e+07 1.687410e+04   
1.243169e+08 1.748458e-05 2.294379e+07 1.689048e+04   
1.237740e+08 1.769566e-05 2.331929e+07 1.690676e+04   
1.232312e+08 1.797046e-05 2.366249e+07 1.693537e+04   
1.226883e+08 1.818082e-05 2.409913e+07 1.701254e+04   
1.221454e+08 1.846666e-05 2.452927e+07 1.706407e+04   
1.216026e+08 1.867765e-05 2.493618e+07 1.710088e+04   
1.210597e+08 1.897450e-05 2.529439e+07 1.713501e+04   
1.205168e+08 1.918846e-05 2.571860e+07 1.716387e+04   
1.199739e+08 1.949495e-05 2.618429e+07 1.718467e+04   
1.194311e+08 1.971254e-05 2.663695e+07 1.721239e+04   
1.188882e+08 2.001249e-05 2.707974e+07 1.730582e+04   
1.183453e+08 2.025370e-05 2.748693e+07 1.734524e+04   
1.178025e+08 2.051818e-05 2.789213e+07 1.738389e+04   
1.172596e+08 2.082233e-05 2.835266e+07 1.740162e+04   
1.167167e+08 2.103928e-05 2.883849e+07 1.741652e+04   
1.161739e+08 2.137685e-05 2.933101e+07 1.744115e+04   
1.156310e+08 2.159703e-05 2.982141e+07 1.748746e+04   
1.150881e+08 2.192498e-05 3.031260e+07 1.756523e+04   
1.145453e+08 2.220316e-05 3.080453e+07 1.760157e+04   
1.140024e+08 2.245127e-05 3.129614e+07 1.763303e+04   
1.134595e+08 2.280576e-05 3.178776e+07 1.767925e+04   
1.129167e+08 2.302815e-05 3.228413e+07 1.769745e+04   
1.123738e+08 2.336516e-05 3.278868e+07 1.772695e+04   
1.118309e+08 2.369231e-05 3.330337e+07 1.780893e+04   
1.112880e+08 2.392010e-05 3.382551e+07 1.785464e+04   
1.107452e+08 2.429326e-05 3.436754e+07 1.789232e+04   
1.102023e+08 2.457233e-05 3.489390e+07 1.791356e+04   
1.096594e+08 2.484500e-05 3.546735e+07 1.792689e+04   
1.091166e+08 2.523110e-05 3.599041e+07 1.794759e+04   
1.085737e+08 2.549346e-05 3.658463e+07 1.797260e+04   
1.080308e+08 2.579327e-05 3.711117e+07 1.806589e+04   
1.074880e+08 2.618794e-05 3.770234e+07 1.810255e+04   
1.069451e+08 2.647096e-05 3.828462e+07 1.813666e+04   
1.064022e+08 2.676080e-05 3.881211e+07 1.819500e+04   
1.058594e+08 2.716059e-05 3.945209e+07 1.821212e+04   
1.053165e+08 2.750719e-05 3.997531e+07 1.824124e+04   
1.047736e+08 2.775363e-05 4.069166e+07 1.830712e+04   
1.042308e+08 2.813984e-05 4.123091e+07 1.836537e+04   
1.036879e+08 2.853946e-05 4.190803e+07 1.839974e+04   
1.031450e+08 2.879829e-05 4.256984e+07 1.842539e+04   
1.026022e+08 2.913890e-05 4.308802e+07 1.843709e+04   
1.020593e+08 2.955454e-05 4.386146e+07 1.845449e+04   
1.015164e+08 2.994757e-05 4.443401e+07 1.848028e+04   
1.009735e+08 3.020055e-05 4.509739e+07 1.856615e+04   
1.004307e+08 3.056677e-05 4.584917e+07 1.860511e+04   
9.988781e+07 3.098675e-05 4.640151e+07 1.864039e+04   
9.934494e+07 3.140258e-05 4.716654e+07 1.870986e+04   
9.880207e+07 3.169675e-05 4.792150e+07 1.872882e+04   
9.825920e+07 3.205559e-05 4.847516e+07 1.875440e+04   
9.771634e+07 3.244542e-05 4.926982e+07 1.879907e+04   
9.717347e+07 3.285355e-05 5.006497e+07 1.887592e+04   
9.663060e+07 3.329792e-05 5.064137e+07 1.891054e+04   
9.608773e+07 3.359201e-05 5.140652e+07 1.893746e+04   
9.554486e+07 3.399940e-05 5.228135e+07 1.894719e+04   
9.500199e+07 3.436767e-05 5.300362e+07 1.896252e+04   
9.445912e+07 3.479595e-05 5.361912e+07 1.898978e+04   
9.391626e+07 3.525605e-05 5.450383e+07 1.906830e+04   
9.337339e+07 3.561331e-05 5.536424e+07 1.911005e+04   
9.283052e+07 3.606425e-05 5.606134e+07 1.914547e+04   
9.228765e+07 3.636491e-05 5.675553e+07 1.922312e+04   
9.174478e+07 3.686768e-05 5.766390e+07 1.924572e+04   
9.120191e+07 3.722514e-05 5.858267e+07 1.926976e+04   
9.065904e+07 3.769383e-05 5.939575e+07 1.929962e+04   
9.011618e+07 3.813921e-05 6.003677e+07 1.938798e+04   
8.957331e+07 3.850267e-05 6.089834e+07 1.942250e+04   
8.903044e+07 3.904509e-05 6.185499e+07 1.944995e+04   
8.848757e+07 3.938262e-05 6.281090e+07 1.945835e+04   
8.794470e+07 3.992236e-05 6.369293e+07 1.947266e+04   
8.740183e+07 4.023561e-05 6.448652e+07 1.950023e+04   
8.685896e+07 4.078830e-05 6.523427e+07 1.957521e+04   
8.631610e+07 4.111696e-05 6.615721e+07 1.961841e+04   
8.577323e+07 4.169979e-05 6.713125e+07 1.965248e+04   
8.523036e+07 4.203437e-05 6.813716e+07 1.973915e+04   
8.468749e+07 4.263255e-05 6.913343e+07 1.976331e+04   
8.414462e+07 4.296748e-05 7.005581e+07 1.978753e+04   
8.360175e+07 4.357695e-05 7.105943e+07 1.981264e+04   
8.305889e+07 4.391251e-05 7.193950e+07 1.990365e+04   
8.251602e+07 4.453281e-05 7.293764e+07 1.993755e+04   
8.197315e+07 4.486740e-05 7.376897e+07 1.996298e+04   
8.143028e+07 4.550136e-05 7.482249e+07 1.997036e+04   
8.088741e+07 4.583222e-05 7.570649e+07 1.998545e+04   
8.034454e+07 4.648029e-05 7.685439e+07 2.001208e+04   
7.980167e+07 4.680917e-05 7.775294e+07 2.008855e+04   
7.925881e+07 4.747144e-05 7.894873e+07 2.012888e+04   
7.871594e+07 4.780367e-05 7.984150e+07 2.016209e+04   
7.817307e+07 4.848710e-05 8.107704e+07 2.025826e+04   
7.763020e+07 4.882897e-05 8.196432e+07 2.028144e+04   
7.708733e+07 4.951704e-05 8.324573e+07 2.030653e+04   
7.654446e+07 4.984923e-05 8.414774e+07 2.033605e+04   
7.600159e+07 5.052276e-05 8.550797e+07 2.042233e+04   
7.545873e+07 5.090231e-05 8.643933e+07 2.045524e+04   
7.491586e+07 5.150594e-05 8.783225e+07 2.047662e+04   
7.437299e+07 5.216972e-05 8.871586e+07 2.048379e+04   
7.383012e+07 5.251191e-05 9.009900e+07 2.050101e+04   
7.328725e+07 5.323825e-05 9.110228e+07 2.052536e+04   
7.274438e+07 5.358748e-05 9.228347e+07 2.060696e+04   
7.220151e+07 5.431782e-05 9.366220e+07 2.064217e+04   
7.165865e+07 5.467599e-05 9.451859e+07 2.067304e+04   
7.111578e+07 5.532245e-05 9.606764e+07 2.078152e+04   
7.057291e+07 5.604194e-05 9.700631e+07 2.079993e+04   
7.003004e+07 5.637058e-05 9.850917e+07 2.082712e+04   
6.948717e+07 5.715223e-05 9.976212e+07 2.087641e+04   
6.894430e+07 5.749504e-05 1.007495e+08 2.094302e+04   
6.840143e+07 5.818122e-05 1.023473e+08 2.097393e+04   
6.785857e+07 5.892334e-05 1.032931e+08 2.099034e+04   
6.731570e+07 5.926072e-05 1.048374e+08 2.099818e+04   
6.677283e+07 6.004707e-05 1.063035e+08 2.101943e+04   
6.622996e+07 6.051461e-05 1.072182e+08 2.103893e+04   
6.568709e+07 6.107653e-05 1.089437e+08 2.112852e+04   
6.514422e+07 6.187171e-05 1.102075e+08 2.115992e+04   
6.460136e+07 6.224777e-05 1.112784e+08 2.118446e+04   
6.405849e+07 6.295214e-05 1.130868e+08 2.130376e+04   
6.351562e+07 6.369831e-05 1.142472e+08 2.132121e+04   
6.297275e+07 6.413451e-05 1.154648e+08 2.134853e+04   
6.242988e+07 6.485159e-05 1.173101e+08 2.142113e+04   
6.188701e+07 6.556470e-05 1.186688e+08 2.146245e+04   
6.134414e+07 6.605170e-05 1.197601e+08 2.149300e+04   
6.080128e+07 6.675810e-05 1.215897e+08 2.150359e+04   
6.025841e+07 6.745693e-05 1.231930e+08 2.151327e+04   
5.971554e+07 6.799453e-05 1.241695e+08 2.153831e+04   
5.917267e+07 6.867129e-05 1.258492e+08 2.157202e+04   
5.862980e+07 6.937541e-05 1.277162e+08 2.165013e+04   
5.808693e+07 6.996728e-05 1.290694e+08 2.167929e+04   
5.754406e+07 7.059923e-05 1.303052e+08 2.169575e+04   
5.700120e+07 7.133204e-05 1.321174e+08 2.182689e+04   
5.645833e+07 7.210302e-05 1.339623e+08 2.184974e+04   
5.591546e+07 7.256993e-05 1.353645e+08 2.186903e+04   
5.537259e+07 7.327416e-05 1.366795e+08 2.195850e+04   
5.482972e+07 7.423812e-05 1.384327e+08 2.198833e+04   
5.428685e+07 7.459015e-05 1.403092e+08 2.201163e+04   
5.374398e+07 7.554948e-05 1.421337e+08 2.201766e+04   
5.320112e+07 7.626225e-05 1.431236e+08 2.203156e+04   
5.265825e+07 7.685995e-05 1.450710e+08 2.205718e+04   
5.211538e+07 7.761801e-05 1.468141e+08 2.213314e+04   
5.157251e+07 7.822099e-05 1.486140e+08 2.216628e+04   
5.102964e+07 7.890590e-05 1.506374e+08 2.219617e+04   
5.048677e+07 7.993290e-05 1.520510e+08 2.232319e+04   
4.994390e+07 8.028778e-05 1.537442e+08 2.234925e+04   
4.940104e+07 8.133278e-05 1.553631e+08 2.237593e+04   
4.885817e+07 8.200261e-05 1.576093e+08 2.243191e+04   
4.831530e+07 8.259890e-05 1.593614e+08 2.248636e+04   
4.777243e+07 8.351428e-05 1.610074e+08 2.251512e+04   
4.722956e+07 8.403225e-05 1.632552e+08 2.252741e+04   
4.668669e+07 8.506250e-05 1.647705e+08 2.253528e+04   
4.614383e+07 8.580335e-05 1.667889e+08 2.256009e+04   
4.560096e+07 8.637413e-05 1.681478e+08 2.257519e+04   
4.505809e+07 8.733206e-05 1.706029e+08 2.266663e+04   
4.451522e+07 8.785747e-05 1.721318e+08 2.269494e+04   
4.397235e+07 8.899484e-05 1.746161e+08 2.271058e+04   
4.342948e+07 8.963640e-05 1.761957e+08 2.285794e+04   
4.288661e+07 9.021963e-05 1.786269e+08 2.288195e+04   
4.234375e+07 9.138973e-05 1.803506e+08 2.289994e+04   
4.180088e+07 9.174949e-05 1.821221e+08 2.298804e+04   
4.125801e+07 9.293705e-05 1.845258e+08 2.301568e+04   
4.071514e+07 9.348534e-05 1.860395e+08 2.303677e+04   
4.017227e+07 9.422803e-05 1.887054e+08 2.304203e+04   
3.962940e+07 9.533789e-05 1.901846e+08 2.305851e+04   
3.908653e+07 9.587570e-05 1.929027e+08 2.308102e+04   
3.854367e+07 9.710491e-05 1.943767e+08 2.316341e+04   
3.800080e+07 9.747259e-05 1.971138e+08 2.318868e+04   
3.745793e+07 9.872046e-05 1.989157e+08 2.321497e+04   
3.691506e+07 9.924113e-05 2.013265e+08 2.336088e+04   
3.637219e+07 1.005065e-04 2.039458e+08 2.338245e+04   
3.582932e+07 1.010909e-04 2.055654e+08 2.341122e+04   
3.528645e+07 1.016999e-04 2.084269e+08 2.348808e+04   
3.474359e+07 1.029591e-04 2.099044e+08 2.351654e+04   
3.420072e+07 1.034760e-04 2.128543e+08 2.354505e+04   
3.365785e+07 1.047860e-04 2.143191e+08 2.355236e+04   
3.311498e+07 1.052839e-04 2.176597e+08 2.356181e+04   
3.257211e+07 1.064956e-04 2.191062e+08 2.358812e+04   
3.202924e+07 1.069728e-04 2.221829e+08 2.365713e+04   
3.148637e+07 1.083088e-04 2.235659e+08 2.369260e+04   
3.094351e+07 1.088229e-04 2.265057e+08 2.371854e+04   
3.040064e+07 1.101658e-04 2.295402e+08 2.384669e+04   
2.985777e+07 1.106741e-04 2.309543e+08 2.389604e+04   
2.931490e+07 1.120416e-04 2.344586e+08 2.392203e+04   
2.877203e+07 1.125543e-04 2.358742e+08 2.398200e+04   
2.822916e+07 1.139151e-04 2.390514e+08 2.402727e+04   
2.768630e+07 1.144500e-04 2.420337e+08 2.405366e+04   
2.714343e+07 1.156825e-04 2.434881e+08 2.406383e+04   
2.660056e+07 1.163531e-04 2.470571e+08 2.407192e+04   
2.605769e+07 1.174391e-04 2.484682e+08 2.409693e+04   
2.551482e+07 1.182593e-04 2.516570e+08 2.414313e+04   
2.497195e+07 1.193499e-04 2.548805e+08 2.419973e+04   
2.442908e+07 1.201675e-04 2.564793e+08 2.422591e+04   
2.388622e+07 1.214294e-04 2.599451e+08 2.431550e+04   
2.334335e+07 1.220789e-04 2.629191e+08 2.440976e+04   
2.280048e+07 1.234724e-04 2.644637e+08 2.443599e+04   
2.225761e+07 1.240265e-04 2.681976e+08 2.447064e+04   
2.171474e+07 1.254481e-04 2.699346e+08 2.453910e+04   
2.117187e+07 1.259283e-04 2.728657e+08 2.456511e+04   
2.062900e+07 1.273162e-04 2.765630e+08 2.457573e+04   
2.008614e+07 1.279733e-04 2.781881e+08 2.458336e+04   
1.954327e+07 1.293667e-04 2.813909e+08 2.460762e+04   
1.900040e+07 1.298555e-04 2.850006e+08 2.463616e+04   
1.845753e+07 1.312477e-04 2.877989e+08 2.470877e+04   
1.791466e+07 1.320734e-04 2.899881e+08 2.473414e+04   
1.737179e+07 1.334254e-04 2.935407e+08 2.479746e+04   
1.682892e+07 1.338958e-04 2.965348e+08 2.492533e+04   
1.628606e+07 1.352109e-04 2.989401e+08 2.495074e+04   
1.574319e+07 1.361637e-04 3.020047e+08 2.498589e+04   
1.520032e+07 1.373327e-04 3.052707e+08 2.505221e+04   
1.465745e+07 1.386048e-04 3.080733e+08 2.507750e+04   
1.411458e+07 1.395309e-04 3.106309e+08 2.508782e+04   
1.357171e+07 1.408479e-04 3.139477e+08 2.509555e+04   
1.302884e+07 1.413537e-04 3.180822e+08 2.511943e+04   
1.248598e+07 1.426838e-04 3.196269e+08 2.517082e+04   
1.194311e+07 1.437138e-04 3.238748e+08 2.521903e+04   
1.140024e+07 1.449497e-04 3.271370e+08 2.524378e+04   
1.085737e+07 1.460705e-04 3.299565e+08 2.537509e+04   
1.031450e+07 1.472302e-04 3.335392e+08 2.544175e+04   
9.771634e+06 1.484953e-04 3.360459e+08 2.546665e+04   
9.228765e+06 1.490335e-04 3.406194e+08 2.553157e+04   
8.685896e+06 1.502543e-04 3.437524e+08 2.556665e+04   
8.143028e+06 1.515135e-04 3.464671e+08 2.559101e+04   
7.600159e+06 1.525966e-04 3.498720e+08 2.560012e+04   
7.057291e+06 1.537795e-04 3.526380e+08 2.560887e+04   
6.514422e+06 1.550506e-04 3.575359e+08 2.563226e+04   
5.971554e+06 1.563283e-04 3.605895e+08 2.570517e+04   
5.428685e+06 1.568318e-04 3.632000e+08 2.573058e+04   
4.885817e+06 1.587280e-04 3.679859e+08 2.575614e+04   
4.342948e+06 1.599307e-04 3.697205e+08 2.592707e+04   
3.800080e+06 1.604228e-04 3.746536e+08 2.595915e+04   
3.257211e+06 1.616058e-04 3.775020e+08 2.598594e+04   
2.714343e+06 1.632066e-04 3.803825e+08 2.606267e+04   
2.171474e+06 1.640743e-04 3.855758e+08 2.608122e+04   
1.628606e+06 1.652321e-04 3.881375e+08 2.610825e+04   
1.085737e+06 1.667612e-04 3.929184e+08 2.611360e+04   
5.428685e+05 1.678488e-04 3.949033e+08 2.612218e+04   
0.000000e+00 1.689241e-04 4.002851e+08 2.614905e+04   
