4.990000e+08 1.661714e-11 4.242715e+00 3.776423e+03
4.980000e+08 1.748908e-11 4.623092e+00 3.962353e+03
4.970000e+08 1.928821e-11 5.136750e+00 4.025743e+03
4.960000e+08 2.154518e-11 5.755955e+00 4.039788e+03
4.950000e+08 2.396315e-11 6.435894e+00 4.050579e+03
4.940000e+08 2.653010e-11 7.174142e+00 4.072411e+03
4.930000e+08 2.927131e-11 7.969372e+00 4.097156e+03
4.920000e+08 3.223247e-11 8.834558e+00 4.123083e+03
4.910000e+08 3.545991e-11 9.782616e+00 4.149707e+03
4.900000e+08 3.901271e-11 1.083161e+01 4.176102e+03
4.890000e+08 4.295207e-11 1.199985e+01 4.201639e+03
4.880000e+08 4.734906e-11 1.331029e+01 4.227759e+03
4.870000e+08 5.228155e-11 1.478732e+01 4.254413e+03
4.860000e+08 5.782302e-11 1.645538e+01 4.280822e+03
4.850000e+08 6.402409e-11 1.833055e+01 4.308192e+03
4.840000e+08 7.092467e-11 2.042873e+01 4.334531e+03
4.830000e+08 7.858220e-11 2.276834e+01 4.360675e+03
4.820000e+08 8.707699e-11 2.537715e+01 4.388051e+03
4.810000e+08 9.651863e-11 2.829269e+01 4.415253e+03
4.800000e+08 1.070228e-10 3.155344e+01 4.443729e+03
4.790000e+08 1.187428e-10 3.521375e+01 4.472514e+03
4.780000e+08 1.318980e-10 3.934166e+01 4.499539e+03
4.770000e+08 1.467753e-10 4.403187e+01 4.527500e+03
4.760000e+08 1.637802e-10 4.941794e+01 4.556732e+03
4.750000e+08 1.832772e-10 5.561466e+01 4.584291e+03
4.740000e+08 2.054385e-10 6.268327e+01 4.611926e+03
4.730000e+08 2.305539e-10 7.072650e+01 4.640151e+03
4.720000e+08 2.590162e-10 7.985644e+01 4.666396e+03
4.710000e+08 2.912235e-10 9.020442e+01 4.691512e+03
4.700000e+08 3.278437e-10 1.020110e+02 4.715789e+03
4.690000e+08 3.697412e-10 1.155698e+02 4.740097e+03
4.680000e+08 4.178209e-10 1.311909e+02 4.764940e+03
4.670000e+08 4.732278e-10 1.492848e+02 4.789460e+03
4.660000e+08 5.370920e-10 1.702352e+02 4.812820e+03
4.650000e+08 6.103989e-10 1.943751e+02 4.836865e+03
4.640000e+08 6.946434e-10 2.222432e+02 4.861491e+03
4.630000e+08 7.916861e-10 2.544776e+02 4.885245e+03
4.620000e+08 9.033519e-10 2.917483e+02 4.907550e+03
4.610000e+08 1.031075e-09 3.345799e+02 4.929909e+03
4.600000e+08 1.176740e-09 3.836270e+02 4.951966e+03
4.590000e+08 1.343279e-09 4.399604e+02 4.974390e+03
4.580000e+08 1.533763e-09 5.047305e+02 4.997317e+03
4.570000e+08 1.751320e-09 5.791603e+02 5.021257e+03
4.560000e+08 1.999960e-09 6.647740e+02 5.046157e+03
4.550000e+08 2.284009e-09 7.631653e+02 5.071359e+03
4.540000e+08 2.606538e-09 8.754452e+02 5.096290e+03
4.530000e+08 2.971267e-09 1.003118e+03 5.121550e+03
4.520000e+08 3.383833e-09 1.148508e+03 5.147463e+03
4.510000e+08 3.853399e-09 1.315292e+03 5.174386e+03
4.500000e+08 4.389157e-09 1.506858e+03 5.202274e+03
4.490000e+08 5.000111e-09 1.726662e+03 5.230688e+03
4.480000e+08 5.692637e-09 1.977057e+03 5.258622e+03
4.470000e+08 6.472256e-09 2.260250e+03 5.285658e+03
4.460000e+08 7.349310e-09 2.580569e+03 5.312597e+03
4.450000e+08 8.337130e-09 2.943515e+03 5.340087e+03
4.440000e+08 9.448952e-09 3.354578e+03 5.368224e+03
4.430000e+08 1.069706e-08 3.818808e+03 5.396896e+03
4.420000e+08 1.209746e-08 4.342847e+03 5.426133e+03
4.410000e+08 1.366692e-08 4.934119e+03 5.456157e+03
4.400000e+08 1.542395e-08 5.599530e+03 5.485481e+03
4.390000e+08 1.738163e-08 6.350010e+03 5.519050e+03
4.380000e+08 1.956156e-08 7.186505e+03 5.548379e+03
4.370000e+08 2.197186e-08 8.118021e+03 5.577591e+03
4.360000e+08 2.462371e-08 9.151985e+03 5.607954e+03
4.350000e+08 2.752919e-08 1.029719e+04 5.640273e+03
4.340000e+08 3.068699e-08 1.155680e+04 5.674895e+03
4.330000e+08 3.410321e-08 1.294076e+04 5.712962e+03
4.320000e+08 3.777104e-08 1.445530e+04 5.755594e+03
4.310000e+08 4.164970e-08 1.609614e+04 5.805321e+03
4.300000e+08 4.570267e-08 1.785739e+04 5.863903e+03
4.290000e+08 4.981671e-08 1.974430e+04 5.940950e+03
4.280000e+08 5.380659e-08 2.169901e+04 6.042702e+03
4.270000e+08 5.721046e-08 2.365102e+04 6.194630e+03
4.260000e+08 5.978471e-08 2.554760e+04 6.410726e+03
4.250000e+08 6.148352e-08 2.735293e+04 6.682231e+03
4.240000e+08 6.235669e-08 2.914265e+04 7.010914e+03
4.230000e+08 6.256021e-08 3.094363e+04 7.379164e+03
4.220000e+08 6.222737e-08 3.280301e+04 7.777027e+03
4.210000e+08 6.174206e-08 3.475018e+04 8.177333e+03
4.200000e+08 6.151418e-08 3.684208e+04 8.553158e+03
4.190000e+08 6.163264e-08 3.908205e+04 8.896979e+03
4.180000e+08 6.199532e-08 4.147879e+04 9.218049e+03
4.170000e+08 6.252906e-08 4.402279e+04 9.521224e+03
4.160000e+08 6.324009e-08 4.668995e+04 9.804938e+03
4.150000e+08 6.413384e-08 4.946488e+04 1.006801e+04
4.140000e+08 6.518719e-08 5.233525e+04 1.031136e+04
4.130000e+08 6.639794e-08 5.532226e+04 1.053898e+04
4.120000e+08 6.776519e-08 5.842522e+04 1.075229e+04
4.110000e+08 6.922679e-08 6.162898e+04 1.095304e+04
4.100000e+08 7.069891e-08 6.492675e+04 1.114566e+04
4.090000e+08 7.221360e-08 6.829134e+04 1.132594e+04
4.080000e+08 7.381131e-08 7.172803e+04 1.149352e+04
4.070000e+08 7.547280e-08 7.524255e+04 1.165111e+04
4.060000e+08 7.722388e-08 7.884658e+04 1.179877e+04
4.050000e+08 7.909669e-08 8.254236e+04 1.193593e+04
4.040000e+08 8.108322e-08 8.632974e+04 1.206305e+04
4.030000e+08 8.316988e-08 9.020655e+04 1.218120e+04
4.020000e+08 8.534263e-08 9.416902e+04 1.229147e+04
4.010000e+08 8.759111e-08 9.823710e+04 1.239619e+04
4.000000e+08 8.992183e-08 1.024329e+05 1.249669e+04
3.990000e+08 9.233796e-08 1.067623e+05 1.259340e+04
3.980000e+08 9.485077e-08 1.112367e+05 1.268692e+04
3.970000e+08 9.746492e-08 1.158725e+05 1.277825e+04
3.960000e+08 1.001835e-07 1.206600e+05 1.286708e+04
3.950000e+08 1.030296e-07 1.255890e+05 1.295179e+04
3.940000e+08 1.059935e-07 1.306785e+05 1.303344e+04
3.930000e+08 1.090399e-07 1.359331e+05 1.311319e+04
3.920000e+08 1.121665e-07 1.413514e+05 1.319121e+04
3.910000e+08 1.153819e-07 1.469261e+05 1.326733e+04
3.900000e+08 1.186904e-07 1.526694e+05 1.334185e+04
3.890000e+08 1.221139e-07 1.586011e+05 1.341478e+04
3.880000e+08 1.256516e-07 1.647408e+05 1.348678e+04
3.870000e+08 1.292776e-07 1.710981e+05 1.355891e+04
3.860000e+08 1.329877e-07 1.776561e+05 1.363062e+04
3.850000e+08 1.367915e-07 1.844096e+05 1.370168e+04
3.840000e+08 1.406735e-07 1.913647e+05 1.377281e+04
3.830000e+08 1.446360e-07 1.985261e+05 1.384385e+04
3.820000e+08 1.487080e-07 2.059122e+05 1.391453e+04
3.810000e+08 1.528865e-07 2.135259e+05 1.398495e+04
3.800000e+08 1.571583e-07 2.213627e+05 1.405517e+04
3.790000e+08 1.615676e-07 2.294510e+05 1.412495e+04
3.780000e+08 1.661114e-07 2.377855e+05 1.419389e+04
3.770000e+08 1.707243e-07 2.463662e+05 1.426346e+04
3.760000e+08 1.753808e-07 2.552052e+05 1.433420e+04
3.750000e+08 1.800941e-07 2.642975e+05 1.440575e+04
3.740000e+08 1.848807e-07 2.736462e+05 1.447773e+04
3.730000e+08 1.897538e-07 2.832615e+05 1.455011e+04
3.720000e+08 1.947333e-07 2.931217e+05 1.462210e+04
3.710000e+08 1.998169e-07 3.032285e+05 1.469358e+04
3.700000e+08 2.049752e-07 3.135837e+05 1.476500e+04
3.690000e+08 2.101896e-07 3.241683e+05 1.483625e+04
3.680000e+08 2.154917e-07 3.349785e+05 1.490676e+04
3.670000e+08 2.209256e-07 3.460397e+05 1.497608e+04
3.660000e+08 2.264645e-07 3.573531e+05 1.504452e+04
3.650000e+08 2.320912e-07 3.689296e+05 1.511251e+04
3.640000e+08 2.378178e-07 3.808191e+05 1.518088e+04
3.630000e+08 2.436005e-07 3.930336e+05 1.525031e+04
3.620000e+08 2.494216e-07 4.055652e+05 1.532090e+04
3.610000e+08 2.553482e-07 4.184068e+05 1.539159e+04
3.600000e+08 2.614295e-07 4.315268e+05 1.546115e+04
3.590000e+08 2.676474e-07 4.448925e+05 1.552917e+04
3.580000e+08 2.739707e-07 4.585373e+05 1.559644e+04
3.570000e+08 2.804129e-07 4.725408e+05 1.566362e+04
3.560000e+08 2.870203e-07 4.869280e+05 1.573064e+04
3.550000e+08 2.938205e-07 5.017013e+05 1.579736e+04
3.540000e+08 3.007818e-07 5.168790e+05 1.586421e+04
3.530000e+08 3.078321e-07 5.324269e+05 1.593198e+04
3.520000e+08 3.149443e-07 5.483063e+05 1.600070e+04
3.510000e+08 3.221425e-07 5.645714e+05 1.607044e+04
3.500000e+08 3.294442e-07 5.812365e+05 1.614087e+04
3.490000e+08 3.368610e-07 5.982906e+05 1.621154e+04
3.480000e+08 3.444050e-07 6.157564e+05 1.628255e+04
3.470000e+08 3.521046e-07 6.336475e+05 1.635357e+04
3.460000e+08 3.599698e-07 6.519451e+05 1.642397e+04
3.450000e+08 3.679394e-07 6.706346e+05 1.649440e+04
3.440000e+08 3.759683e-07 6.897404e+05 1.656600e+04
3.430000e+08 3.840895e-07 7.092735e+05 1.663866e+04
3.420000e+08 3.923383e-07 7.292180e+05 1.671148e+04
3.410000e+08 4.006988e-07 7.495625e+05 1.678438e+04
3.400000e+08 4.091159e-07 7.702914e+05 1.685777e+04
3.390000e+08 4.175617e-07 7.914178e+05 1.693180e+04
3.380000e+08 4.260627e-07 8.129257e+05 1.700596e+04
3.370000e+08 4.346623e-07 8.347844e+05 1.707981e+04
3.360000e+08 4.433961e-07 8.569927e+05 1.715286e+04
3.350000e+08 4.522705e-07 8.795642e+05 1.722516e+04
3.340000e+08 4.612849e-07 9.025357e+05 1.729693e+04
3.330000e+08 4.704389e-07 9.259372e+05 1.736819e+04
3.320000e+08 4.797578e-07 9.498131e+05 1.743897e+04
3.310000e+08 4.893017e-07 9.742303e+05 1.750938e+04
3.300000e+08 4.990809e-07 9.992068e+05 1.757948e+04
3.290000e+08 5.090451e-07 1.024752e+06 1.764977e+04
3.280000e+08 5.191292e-07 1.050808e+06 1.772061e+04
3.270000e+08 5.293348e-07 1.077351e+06 1.779193e+04
3.260000e+08 5.396594e-07 1.104397e+06 1.786383e+04
3.250000e+08 5.500539e-07 1.131960e+06 1.793675e+04
3.240000e+08 5.605016e-07 1.160071e+06 1.801115e+04
3.230000e+08 5.710524e-07 1.188766e+06 1.808664e+04
3.220000e+08 5.817796e-07 1.218035e+06 1.816222e+04
3.210000e+08 5.927010e-07 1.247835e+06 1.823724e+04
3.200000e+08 6.037725e-07 1.278148e+06 1.831210e+04
3.190000e+08 6.149426e-07 1.308970e+06 1.838743e+04
3.180000e+08 6.261875e-07 1.340299e+06 1.846337e+04
3.170000e+08 6.375430e-07 1.372187e+06 1.853978e+04
3.160000e+08 6.490737e-07 1.404633e+06 1.861590e+04
3.150000e+08 6.608346e-07 1.437668e+06 1.869130e+04
3.140000e+08 6.727893e-07 1.471358e+06 1.876672e+04
3.130000e+08 6.848347e-07 1.505720e+06 1.884348e+04
3.120000e+08 6.968994e-07 1.540752e+06 1.892246e+04
3.110000e+08 7.089925e-07 1.576496e+06 1.900375e+04
3.100000e+08 7.211639e-07 1.612903e+06 1.908641e+04
3.090000e+08 7.334910e-07 1.649900e+06 1.916901e+04
3.080000e+08 7.460207e-07 1.687537e+06 1.925109e+04
3.070000e+08 7.586971e-07 1.725809e+06 1.933320e+04
3.060000e+08 7.714742e-07 1.764698e+06 1.941583e+04
3.050000e+08 7.843774e-07 1.804251e+06 1.949909e+04
3.040000e+08 7.974106e-07 1.844484e+06 1.958291e+04
3.030000e+08 8.105516e-07 1.885394e+06 1.966732e+04
3.020000e+08 8.238271e-07 1.926967e+06 1.975199e+04
3.010000e+08 8.372724e-07 1.969215e+06 1.983652e+04
3.000000e+08 8.508331e-07 2.012137e+06 1.992129e+04
2.990000e+08 8.644372e-07 2.055664e+06 2.000682e+04
2.980000e+08 8.781418e-07 2.099828e+06 2.009286e+04
2.970000e+08 8.920414e-07 2.144678e+06 2.017854e+04
2.960000e+08 9.061566e-07 2.190232e+06 2.026355e+04
2.950000e+08 9.204521e-07 2.236440e+06 2.034797e+04
2.940000e+08 9.348994e-07 2.283310e+06 2.043211e+04
2.930000e+08 9.495222e-07 2.330988e+06 2.051655e+04
2.920000e+08 9.643256e-07 2.379532e+06 2.060155e+04
2.910000e+08 9.792843e-07 2.428931e+06 2.068716e+04
2.900000e+08 9.943799e-07 2.479099e+06 2.077319e+04
2.890000e+08 1.009655e-06 2.530069e+06 2.085944e+04
2.880000e+08 1.025098e-06 2.581870e+06 2.094586e+04
2.870000e+08 1.040643e-06 2.634464e+06 2.103282e+04
2.860000e+08 1.056293e-06 2.687916e+06 2.112065e+04
2.850000e+08 1.072063e-06 2.742245e+06 2.120926e+04
2.840000e+08 1.087976e-06 2.797493e+06 2.129880e+04
2.830000e+08 1.104046e-06 2.853666e+06 2.138901e+04
2.820000e+08 1.120293e-06 2.910724e+06 2.147934e+04
2.810000e+08 1.136756e-06 2.968663e+06 2.156936e+04
2.800000e+08 1.153437e-06 3.027510e+06 2.165910e+04
2.790000e+08 1.170285e-06 3.087214e+06 2.174877e+04
2.780000e+08 1.187284e-06 3.147784e+06 2.183855e+04
2.770000e+08 1.204439e-06 3.209224e+06 2.192831e+04
2.760000e+08 1.221765e-06 3.271563e+06 2.201803e+04
2.750000e+08 1.239237e-06 3.334788e+06 2.210795e+04
2.740000e+08 1.256818e-06 3.398802e+06 2.219807e+04
2.730000e+08 1.274538e-06 3.463623e+06 2.228806e+04
2.720000e+08 1.292449e-06 3.529382e+06 2.237794e+04
2.710000e+08 1.310556e-06 3.596155e+06 2.246806e+04
2.700000e+08 1.328835e-06 3.663920e+06 2.255861e+04
2.690000e+08 1.347275e-06 3.732640e+06 2.264949e+04
2.680000e+08 1.365848e-06 3.802277e+06 2.274059e+04
2.670000e+08 1.384523e-06 3.872875e+06 2.283218e+04
2.660000e+08 1.403274e-06 3.944424e+06 2.292457e+04
2.650000e+08 1.422139e-06 4.016880e+06 2.301743e+04
2.640000e+08 1.441188e-06 4.090332e+06 2.311041e+04
2.630000e+08 1.460431e-06 4.164832e+06 2.320343e+04
2.620000e+08 1.479850e-06 4.240402e+06 2.329658e+04
2.610000e+08 1.499453e-06 4.317110e+06 2.339003e+04
2.600000e+08 1.519260e-06 4.394952e+06 2.348354e+04
2.590000e+08 1.539251e-06 4.473808e+06 2.357674e+04
2.580000e+08 1.559429e-06 4.553647e+06 2.366962e+04
2.570000e+08 1.579765e-06 4.634516e+06 2.376275e+04
2.560000e+08 1.600244e-06 4.716513e+06 2.385662e+04
2.550000e+08 1.620889e-06 4.799710e+06 2.395121e+04
2.540000e+08 1.641646e-06 4.884020e+06 2.404640e+04
2.530000e+08 1.662452e-06 4.969352e+06 2.414234e+04
2.520000e+08 1.683370e-06 5.055706e+06 2.423866e+04
2.510000e+08 1.704502e-06 5.143152e+06 2.433475e+04
2.500000e+08 1.725797e-06 5.231632e+06 2.443062e+04
2.490000e+08 1.747141e-06 5.321242e+06 2.452745e+04
2.480000e+08 1.768527e-06 5.412122e+06 2.462589e+04
2.470000e+08 1.790048e-06 5.504272e+06 2.472526e+04
2.460000e+08 1.811828e-06 5.597614e+06 2.482420e+04
2.450000e+08 1.833915e-06 5.692186e+06 2.492233e+04
2.440000e+08 1.856216e-06 5.787942e+06 2.502002e+04
2.430000e+08 1.878636e-06 5.884707e+06 2.511753e+04
2.420000e+08 1.901189e-06 5.982400e+06 2.521463e+04
2.410000e+08 1.923923e-06 6.081094e+06 2.531123e+04
2.400000e+08 1.946875e-06 6.180872e+06 2.540724e+04
2.390000e+08 1.970100e-06 6.281894e+06 2.550258e+04
2.380000e+08 1.993603e-06 6.384128e+06 2.559712e+04
2.370000e+08 2.017325e-06 6.487568e+06 2.569141e+04
2.360000e+08 2.041183e-06 6.592336e+06 2.578645e+04
2.350000e+08 2.065146e-06 6.698462e+06 2.588267e+04
2.340000e+08 2.089311e-06 6.805950e+06 2.597926e+04
2.330000e+08 2.113738e-06 6.914824e+06 2.607570e+04
2.320000e+08 2.138346e-06 7.025134e+06 2.617272e+04
2.310000e+08 2.163000e-06 7.136836e+06 2.627129e+04
2.300000e+08 2.187618e-06 7.249822e+06 2.637160e+04
2.290000e+08 2.212157e-06 7.363778e+06 2.647296e+04
2.280000e+08 2.236779e-06 7.478917e+06 2.657467e+04
2.270000e+08 2.261588e-06 7.595444e+06 2.667662e+04
2.260000e+08 2.286536e-06 7.713212e+06 2.677879e+04
2.250000e+08 2.311616e-06 7.832284e+06 2.688138e+04
2.240000e+08 2.336862e-06 7.952540e+06 2.698393e+04
2.230000e+08 2.362289e-06 8.073942e+06 2.708622e+04
2.220000e+08 2.387871e-06 8.196684e+06 2.718870e+04
2.210000e+08 2.413547e-06 8.320818e+06 2.729196e+04
2.200000e+08 2.439329e-06 8.446316e+06 2.739585e+04
2.190000e+08 2.465249e-06 8.573189e+06 2.750026e+04
2.180000e+08 2.491303e-06 8.701488e+06 2.760527e+04
2.170000e+08 2.517435e-06 8.831090e+06 2.771098e+04
2.160000e+08 2.543627e-06 8.961781e+06 2.781682e+04
2.150000e+08 2.569938e-06 9.093724e+06 2.792275e+04
2.140000e+08 2.596394e-06 9.227086e+06 2.802897e+04
2.130000e+08 2.622999e-06 9.361786e+06 2.813542e+04
2.120000e+08 2.649774e-06 9.497838e+06 2.824203e+04
2.110000e+08 2.676670e-06 9.635299e+06 2.834908e+04
2.100000e+08 2.703585e-06 9.774209e+06 2.845739e+04
2.090000e+08 2.730529e-06 9.914597e+06 2.856697e+04
2.080000e+08 2.757586e-06 1.005638e+07 2.867709e+04
2.070000e+08 2.784845e-06 1.019954e+07 2.878688e+04
2.060000e+08 2.812279e-06 1.034416e+07 2.889676e+04
2.050000e+08 2.839825e-06 1.049025e+07 2.900720e+04
2.040000e+08 2.867474e-06 1.063787e+07 2.911853e+04
2.030000e+08 2.895208e-06 1.078692e+07 2.923059e+04
2.020000e+08 2.922996e-06 1.093727e+07 2.934327e+04
2.010000e+08 2.950831e-06 1.108892e+07 2.945659e+04
2.000000e+08 2.978738e-06 1.124189e+07 2.957030e+04
1.990000e+08 3.006710e-06 1.139629e+07 2.968478e+04
1.980000e+08 3.034751e-06 1.155221e+07 2.980008e+04
1.970000e+08 3.062871e-06 1.170958e+07 2.991615e+04
1.960000e+08 3.091099e-06 1.186836e+07 3.003263e+04
1.950000e+08 3.119405e-06 1.202860e+07 3.014972e+04
1.940000e+08 3.147753e-06 1.219036e+07 3.026773e+04
1.930000e+08 3.176126e-06 1.235358e+07 3.038662e+04
1.920000e+08 3.204575e-06 1.251830e+07 3.050626e+04
1.910000e+08 3.233128e-06 1.268444e+07 3.062621e+04
1.900000e+08 3.261751e-06 1.285220e+07 3.074712e+04
1.890000e+08 3.290423e-06 1.302164e+07 3.086908e+04
1.880000e+08 3.319136e-06 1.319253e+07 3.099177e+04
1.870000e+08 3.348011e-06 1.336491e+07 3.111451e+04
1.860000e+08 3.377091e-06 1.353885e+07 3.123702e+04
1.850000e+08 3.406258e-06 1.371437e+07 3.136018e+04
1.840000e+08 3.435450e-06 1.389155e+07 3.148436e+04
1.830000e+08 3.464648e-06 1.407030e+07 3.160959e+04
1.820000e+08 3.493952e-06 1.425053e+07 3.173511e+04
1.810000e+08 3.523434e-06 1.443227e+07 3.186050e+04
1.800000e+08 3.553065e-06 1.461561e+07 3.198619e+04
1.790000e+08 3.582770e-06 1.480048e+07 3.211230e+04
1.780000e+08 3.612462e-06 1.498682e+07 3.223942e+04
1.770000e+08 3.642152e-06 1.517468e+07 3.236744e+04
1.760000e+08 3.671867e-06 1.536417e+07 3.249634e+04
1.750000e+08 3.701614e-06 1.555535e+07 3.262622e+04
1.740000e+08 3.731427e-06 1.574797e+07 3.275639e+04
1.730000e+08 3.761376e-06 1.594223e+07 3.288690e+04
1.720000e+08 3.791515e-06 1.613842e+07 3.301773e+04
1.710000e+08 3.821740e-06 1.633642e+07 3.314932e+04
1.700000e+08 3.852031e-06 1.653617e+07 3.328183e+04
1.690000e+08 3.882426e-06 1.673728e+07 3.341416e+04
1.680000e+08 3.912868e-06 1.693985e+07 3.354684e+04
1.670000e+08 3.943336e-06 1.714415e+07 3.368042e+04
1.660000e+08 3.973801e-06 1.735000e+07 3.381482e+04
1.650000e+08 4.004275e-06 1.755731e+07 3.395001e+04
1.640000e+08 4.034804e-06 1.776605e+07 3.408539e+04
1.630000e+08 4.065353e-06 1.797608e+07 3.422106e+04
1.620000e+08 4.095923e-06 1.818763e+07 3.435733e+04
1.610000e+08 4.126487e-06 1.840071e+07 3.449421e+04
1.600000e+08 4.157067e-06 1.861536e+07 3.463189e+04
1.590000e+08 4.187764e-06 1.883158e+07 3.476964e+04
1.580000e+08 4.218595e-06 1.904949e+07 3.490750e+04
1.570000e+08 4.249506e-06 1.926915e+07 3.504603e+04
1.560000e+08 4.280460e-06 1.949059e+07 3.518528e+04
1.550000e+08 4.311335e-06 1.971368e+07 3.532579e+04
1.540000e+08 4.342145e-06 1.993850e+07 3.546755e+04
1.530000e+08 4.373039e-06 2.016496e+07 3.560958e+04
1.520000e+08 4.404086e-06 2.039313e+07 3.575165e+04
1.510000e+08 4.435207e-06 2.062308e+07 3.589406e+04
1.500000e+08 4.466302e-06 2.085467e+07 3.603741e+04
1.490000e+08 4.497368e-06 2.108772e+07 3.618158e+04
1.480000e+08 4.528498e-06 2.132232e+07 3.632588e+04
1.470000e+08 4.559706e-06 2.155845e+07 3.647017e+04
1.460000e+08 4.590973e-06 2.179635e+07 3.661493e+04
1.450000e+08 4.622240e-06 2.203590e+07 3.676019e+04
1.440000e+08 4.653492e-06 2.227709e+07 3.690623e+04
1.430000e+08 4.684768e-06 2.251984e+07 3.705279e+04
1.420000e+08 4.716147e-06 2.276431e+07 3.719948e+04
1.410000e+08 4.747636e-06 2.301038e+07 3.734617e+04
1.400000e+08 4.779216e-06 2.325805e+07 3.749280e+04
1.390000e+08 4.810854e-06 2.350713e+07 3.763926e+04
1.380000e+08 4.842553e-06 2.375771e+07 3.778581e+04
1.370000e+08 4.874229e-06 2.400976e+07 3.793282e+04
1.360000e+08 4.905825e-06 2.426336e+07 3.808081e+04
1.350000e+08 4.937412e-06 2.451853e+07 3.822944e+04
1.340000e+08 4.969105e-06 2.477540e+07 3.837800e+04
1.330000e+08 5.000915e-06 2.503385e+07 3.852627e+04
1.320000e+08 5.032835e-06 2.529405e+07 3.867453e+04
1.310000e+08 5.064822e-06 2.555577e+07 3.882271e+04
1.300000e+08 5.096896e-06 2.581914e+07 3.897091e+04
1.290000e+08 5.129105e-06 2.608426e+07 3.911896e+04
1.280000e+08 5.161442e-06 2.635132e+07 3.926709e+04
1.270000e+08 5.193763e-06 2.661994e+07 3.941575e+04
1.260000e+08 5.226012e-06 2.689037e+07 3.956559e+04
1.250000e+08 5.258240e-06 2.716240e+07 3.971598e+04
1.240000e+08 5.290601e-06 2.743625e+07 3.986625e+04
1.230000e+08 5.323117e-06 2.771163e+07 4.001576e+04
1.220000e+08 5.355741e-06 2.798862e+07 4.016494e+04
1.210000e+08 5.388387e-06 2.826708e+07 4.031427e+04
1.200000e+08 5.421050e-06 2.854717e+07 4.046400e+04
1.190000e+08 5.453809e-06 2.882873e+07 4.061334e+04
1.180000e+08 5.486777e-06 2.911202e+07 4.076186e+04
1.170000e+08 5.519873e-06 2.939682e+07 4.090977e+04
1.160000e+08 5.553020e-06 2.968339e+07 4.105793e+04
1.150000e+08 5.586203e-06 2.997165e+07 4.120641e+04
1.140000e+08 5.619486e-06 3.026188e+07 4.135505e+04
1.130000e+08 5.652880e-06 3.055380e+07 4.150341e+04
1.120000e+08 5.686375e-06 3.084766e+07 4.165191e+04
1.110000e+08 5.719908e-06 3.114333e+07 4.180067e+04
1.100000e+08 5.753481e-06 3.144089e+07 4.194982e+04
1.090000e+08 5.787086e-06 3.174012e+07 4.209919e+04
1.080000e+08 5.820760e-06 3.204148e+07 4.224909e+04
1.070000e+08 5.854510e-06 3.234460e+07 4.239904e+04
1.060000e+08 5.888375e-06 3.264960e+07 4.254899e+04
1.050000e+08 5.922273e-06 3.295613e+07 4.269898e+04
1.040000e+08 5.956160e-06 3.326451e+07 4.284962e+04
1.030000e+08 5.989986e-06 3.357446e+07 4.300094e+04
1.020000e+08 6.023858e-06 3.388636e+07 4.315269e+04
1.010000e+08 6.057874e-06 3.419990e+07 4.330381e+04
1.000000e+08 6.092079e-06 3.451527e+07 4.345426e+04
9.900000e+07 6.126373e-06 3.483207e+07 4.360420e+04
9.800000e+07 6.160766e-06 3.515085e+07 4.375420e+04
9.700000e+07 6.195226e-06 3.547120e+07 4.390400e+04
9.600000e+07 6.229757e-06 3.579359e+07 4.405408e+04
9.500000e+07 6.264327e-06 3.611776e+07 4.420430e+04
9.400000e+07 6.298983e-06 3.644384e+07 4.435456e+04
9.300000e+07 6.333712e-06 3.677136e+07 4.450441e+04
9.200000e+07 6.368555e-06 3.710092e+07 4.465425e+04
9.100000e+07 6.403482e-06 3.743216e+07 4.480387e+04
9.000000e+07 6.438449e-06 3.776552e+07 4.495404e+04
8.900000e+07 6.473352e-06 3.810050e+07 4.510483e+04
8.800000e+07 6.508248e-06 3.843751e+07 4.525631e+04
8.700000e+07 6.543155e-06 3.877612e+07 4.540796e+04
8.600000e+07 6.578140e-06 3.911690e+07 4.555993e+04
8.500000e+07 6.613177e-06 3.945925e+07 4.571166e+04
8.400000e+07 6.648327e-06 3.980366e+07 4.586334e+04
8.300000e+07 6.683631e-06 4.014971e+07 4.601428e+04
8.200000e+07 6.719196e-06 4.049787e+07 4.616434e+04
8.100000e+07 6.754921e-06 4.084753e+07 4.631345e+04
8.000000e+07 6.790722e-06 4.119927e+07 4.646273e+04
7.900000e+07 6.826557e-06 4.155241e+07 4.661169e+04
7.800000e+07 6.862519e-06 4.190751e+07 4.676038e+04
7.700000e+07 6.898587e-06 4.226413e+07 4.690847e+04
7.600000e+07 6.934846e-06 4.262313e+07 4.705636e+04
7.500000e+07 6.971245e-06 4.298392e+07 4.720373e+04
7.400000e+07 7.007734e-06 4.334700e+07 4.735143e+04
7.300000e+07 7.044211e-06 4.371180e+07 4.749940e+04
7.200000e+07 7.080655e-06 4.407898e+07 4.764841e+04
7.100000e+07 7.116984e-06 4.444778e+07 4.779821e+04
7.000000e+07 7.153414e-06 4.481889e+07 4.794829e+04
6.900000e+07 7.190074e-06 4.519147e+07 4.809700e+04
6.800000e+07 7.226974e-06 4.556626e+07 4.824496e+04
6.700000e+07 7.263970e-06 4.594263e+07 4.839238e+04
6.600000e+07 7.301076e-06 4.632154e+07 4.854007e+04
6.500000e+07 7.338133e-06 4.670212e+07 4.868811e+04
6.400000e+07 7.375212e-06 4.708511e+07 4.883686e+04
6.300000e+07 7.412364e-06 4.746966e+07 4.898524e+04
6.200000e+07 7.449623e-06 4.785669e+07 4.913389e+04
6.100000e+07 7.486872e-06 4.824490e+07 4.928224e+04
6.000000e+07 7.524251e-06 4.863509e+07 4.943023e+04
5.900000e+07 7.561710e-06 4.902652e+07 4.957747e+04
5.800000e+07 7.599312e-06 4.942033e+07 4.972468e+04
5.700000e+07 7.637013e-06 4.981561e+07 4.987116e+04
5.600000e+07 7.674849e-06 5.021343e+07 5.001777e+04
5.500000e+07 7.712727e-06 5.061259e+07 5.016396e+04
5.400000e+07 7.750766e-06 5.101427e+07 5.031006e+04
5.300000e+07 7.788854e-06 5.141718e+07 5.045552e+04
5.200000e+07 7.827050e-06 5.182269e+07 5.060132e+04
5.100000e+07 7.865348e-06 5.222963e+07 5.074643e+04
5.000000e+07 7.903908e-06 5.263934e+07 5.089105e+04
4.900000e+07 7.942581e-06 5.305041e+07 5.103482e+04
4.800000e+07 7.981446e-06 5.346437e+07 5.117862e+04
4.700000e+07 8.020437e-06 5.387974e+07 5.132146e+04
4.600000e+07 8.059597e-06 5.429796e+07 5.146446e+04
4.500000e+07 8.098820e-06 5.471770e+07 5.160706e+04
4.400000e+07 8.138289e-06 5.514046e+07 5.174945e+04
4.300000e+07 8.177838e-06 5.556470e+07 5.189128e+04
4.200000e+07 8.217521e-06 5.599176e+07 5.203344e+04
4.100000e+07 8.257253e-06 5.642001e+07 5.217491e+04
4.000000e+07 8.297072e-06 5.685115e+07 5.231697e+04
3.900000e+07 8.336853e-06 5.728357e+07 5.245896e+04
3.800000e+07 8.376826e-06 5.771884e+07 5.260086e+04
3.700000e+07 8.416901e-06 5.815495e+07 5.274147e+04
3.600000e+07 8.457166e-06 5.859386e+07 5.288202e+04
3.500000e+07 8.497526e-06 5.903408e+07 5.302176e+04
3.400000e+07 8.538139e-06 5.947758e+07 5.316141e+04
3.300000e+07 8.578793e-06 5.992230e+07 5.330046e+04
3.200000e+07 8.619651e-06 6.037015e+07 5.343963e+04
3.100000e+07 8.660628e-06 6.081900e+07 5.357753e+04
3.000000e+07 8.701775e-06 6.127103e+07 5.371577e+04
2.900000e+07 8.742943e-06 6.172422e+07 5.385354e+04
2.800000e+07 8.784445e-06 6.218095e+07 5.399093e+04
2.700000e+07 8.826065e-06 6.263882e+07 5.412721e+04
2.600000e+07 8.867884e-06 6.310019e+07 5.426388e+04
2.500000e+07 8.909777e-06 6.356271e+07 5.439967e+04
2.400000e+07 8.951860e-06 6.402874e+07 5.453587e+04
2.300000e+07 8.993912e-06 6.449569e+07 5.467170e+04
2.200000e+07 9.036137e-06 6.496599e+07 5.480788e+04
2.100000e+07 9.078395e-06 6.543716e+07 5.494320e+04
2.000000e+07 9.120831e-06 6.591177e+07 5.507895e+04
1.900000e+07 9.163308e-06 6.638732e+07 5.521390e+04
1.800000e+07 9.206075e-06 6.686656e+07 5.534875e+04
1.700000e+07 9.248867e-06 6.734673e+07 5.548291e+04
1.600000e+07 9.291847e-06 6.783069e+07 5.561769e+04
1.500000e+07 9.334921e-06 6.831562e+07 5.575128e+04
1.400000e+07 9.378256e-06 6.880461e+07 5.588526e+04
1.300000e+07 9.421598e-06 6.929453e+07 5.601868e+04
1.200000e+07 9.465150e-06 6.978798e+07 5.615227e+04
1.100000e+07 9.508619e-06 7.028186e+07 5.628532e+04
1.000000e+07 9.552206e-06 7.077937e+07 5.641920e+04
9.000000e+06 9.595850e-06 7.127755e+07 5.655196e+04
8.000000e+06 9.639775e-06 7.177962e+07 5.668480e+04
7.000000e+06 9.683747e-06 7.228241e+07 5.681665e+04
6.000000e+06 9.727964e-06 7.278896e+07 5.694867e+04
5.000000e+06 9.772274e-06 7.329622e+07 5.707939e+04
4.000000e+06 9.816736e-06 7.380723e+07 5.721084e+04
3.000000e+06 9.861247e-06 7.431934e+07 5.734163e+04
2.000000e+06 9.905895e-06 7.483528e+07 5.747310e+04
1.000000e+06 9.950548e-06 7.535323e+07 5.760476e+04
0.000000e+00 9.994666e-06 7.587535e+07 5.774098e+04
