4.990000e+08 2.655977e-10 5.683175e+01 3.159261e+03   
4.980000e+08 2.808871e-10 6.375517e+01 3.362589e+03   
4.970000e+08 3.033914e-10 6.886375e+01 3.364786e+03   
4.960000e+08 3.325734e-10 7.670213e+01 3.417727e+03   
4.950000e+08 3.616221e-10 8.392147e+01 3.439844e+03   
4.940000e+08 3.949468e-10 9.319881e+01 3.499866e+03   
4.930000e+08 4.301465e-10 1.024376e+02 3.534595e+03   
4.920000e+08 4.699367e-10 1.134398e+02 3.586944e+03   
4.910000e+08 5.125578e-10 1.249145e+02 3.624454e+03   
4.900000e+08 5.601988e-10 1.380742e+02 3.669891e+03   
4.890000e+08 6.115919e-10 1.521467e+02 3.707410e+03   
4.880000e+08 6.685801e-10 1.679609e+02 3.747805e+03   
4.870000e+08 7.303786e-10 1.850936e+02 3.783903e+03   
4.860000e+08 7.985077e-10 2.041381e+02 3.820584e+03   
4.850000e+08 8.726278e-10 2.249045e+02 3.854767e+03   
4.840000e+08 9.540400e-10 2.478542e+02 3.888643e+03   
4.830000e+08 1.042766e-09 2.729507e+02 3.920880e+03   
4.820000e+08 1.139985e-09 3.005871e+02 3.952454e+03   
4.810000e+08 1.246048e-09 3.308445e+02 3.982745e+03   
4.800000e+08 1.362127e-09 3.640965e+02 4.012196e+03   
4.790000e+08 1.488861e-09 4.005186e+02 4.040507e+03   
4.780000e+08 1.627494e-09 4.404971e+02 4.067899e+03   
4.770000e+08 1.778948e-09 4.842950e+02 4.094214e+03   
4.760000e+08 1.944585e-09 5.323229e+02 4.119522e+03   
4.750000e+08 2.125612e-09 5.849270e+02 4.143701e+03   
4.740000e+08 2.323641e-09 6.425835e+02 4.166788e+03   
4.730000e+08 2.540201e-09 7.057329e+02 4.188710e+03   
4.720000e+08 2.777178e-09 7.749290e+02 4.209476e+03   
4.710000e+08 3.036490e-09 8.507274e+02 4.229046e+03   
4.700000e+08 3.320356e-09 9.337831e+02 4.247454e+03   
4.690000e+08 3.631101e-09 1.024779e+03 4.264713e+03   
4.680000e+08 3.971434e-09 1.124527e+03 4.280913e+03   
4.670000e+08 4.344186e-09 1.233878e+03 4.296124e+03   
4.660000e+08 4.752448e-09 1.353778e+03 4.310461e+03   
4.650000e+08 5.199504e-09 1.485243e+03 4.324047e+03   
4.640000e+08 5.689013e-09 1.629424e+03 4.337025e+03   
4.630000e+08 6.224929e-09 1.787576e+03 4.349548e+03   
4.620000e+08 6.811442e-09 1.961045e+03 4.361760e+03   
4.610000e+08 7.453049e-09 2.151289e+03 4.373810e+03   
4.600000e+08 8.154704e-09 2.359932e+03 4.385852e+03   
4.590000e+08 8.921466e-09 2.588640e+03 4.397989e+03   
4.580000e+08 9.758675e-09 2.839188e+03 4.410308e+03   
4.570000e+08 1.067220e-08 3.113536e+03 4.422885e+03   
4.560000e+08 1.166875e-08 3.413936e+03 4.435801e+03   
4.550000e+08 1.275524e-08 3.742731e+03 4.449109e+03   
4.540000e+08 1.393873e-08 4.102334e+03 4.462838e+03   
4.530000e+08 1.522677e-08 4.495329e+03 4.476985e+03   
4.520000e+08 1.662756e-08 4.924553e+03 4.491562e+03   
4.510000e+08 1.815006e-08 5.393114e+03 4.506571e+03   
4.500000e+08 1.980359e-08 5.904277e+03 4.522012e+03   
4.490000e+08 2.159802e-08 6.461546e+03 4.537877e+03   
4.480000e+08 2.354402e-08 7.068727e+03 4.554168e+03   
4.470000e+08 2.565276e-08 7.729873e+03 4.570886e+03   
4.460000e+08 2.793579e-08 8.449241e+03 4.588037e+03   
4.450000e+08 3.040515e-08 9.231323e+03 4.605623e+03   
4.440000e+08 3.307355e-08 1.008099e+04 4.623677e+03   
4.430000e+08 3.595374e-08 1.100325e+04 4.642235e+03   
4.420000e+08 3.905857e-08 1.200334e+04 4.661346e+03   
4.410000e+08 4.240060e-08 1.308657e+04 4.681064e+03   
4.400000e+08 4.599276e-08 1.425860e+04 4.701466e+03   
4.390000e+08 4.984808e-08 1.552539e+04 4.722641e+03   
4.380000e+08 5.397901e-08 1.689302e+04 4.744689e+03   
4.370000e+08 5.839725e-08 1.836764e+04 4.767723e+03   
4.360000e+08 6.311377e-08 1.995550e+04 4.791853e+03   
4.350000e+08 6.813862e-08 2.166290e+04 4.817200e+03   
4.340000e+08 7.348053e-08 2.349622e+04 4.843902e+03   
4.330000e+08 7.914660e-08 2.546182e+04 4.872118e+03   
4.320000e+08 8.514127e-08 2.756567e+04 4.902006e+03   
4.310000e+08 9.146736e-08 2.981381e+04 4.933739e+03   
4.300000e+08 9.812498e-08 3.221190e+04 4.967485e+03   
4.290000e+08 1.051118e-07 3.476558e+04 5.003447e+03   
4.280000e+08 1.124226e-07 3.748007e+04 5.041821e+03   
4.270000e+08 1.200473e-07 4.035978e+04 5.082818e+03   
4.260000e+08 1.279713e-07 4.340835e+04 5.126669e+03   
4.250000e+08 1.361775e-07 4.662961e+04 5.173643e+03   
4.240000e+08 1.446444e-07 5.002660e+04 5.224024e+03   
4.230000e+08 1.533433e-07 5.360142e+04 5.278161e+03   
4.220000e+08 1.622388e-07 5.735535e+04 5.336495e+03   
4.210000e+08 1.712870e-07 6.128896e+04 5.399601e+03   
4.200000e+08 1.804318e-07 6.540163e+04 5.468266e+03   
4.190000e+08 1.896012e-07 6.969145e+04 5.543594e+03   
4.180000e+08 1.986997e-07 7.415457e+04 5.627250e+03   
4.170000e+08 2.075904e-07 7.878228e+04 5.721913e+03   
4.160000e+08 2.160631e-07 8.355539e+04 5.832194e+03   
4.150000e+08 2.237844e-07 8.843555e+04 5.966065e+03   
4.140000e+08 2.303388e-07 9.337092e+04 6.133795e+03   
4.130000e+08 2.353985e-07 9.831754e+04 6.342830e+03   
4.120000e+08 2.389218e-07 1.032618e+05 6.592036e+03   
4.110000e+08 2.411771e-07 1.082241e+05 6.871185e+03   
4.100000e+08 2.426387e-07 1.132457e+05 7.164799e+03   
4.090000e+08 2.438420e-07 1.183686e+05 7.456486e+03   
4.080000e+08 2.452056e-07 1.236269e+05 7.734483e+03   
4.070000e+08 2.469674e-07 1.290398e+05 7.993125e+03   
4.060000e+08 2.492263e-07 1.346197e+05 8.231197e+03   
4.050000e+08 2.519981e-07 1.403723e+05 8.449815e+03   
4.040000e+08 2.552561e-07 1.463011e+05 8.651096e+03   
4.030000e+08 2.589731e-07 1.524063e+05 8.836890e+03   
4.020000e+08 2.631166e-07 1.586902e+05 9.009053e+03   
4.010000e+08 2.676518e-07 1.651543e+05 9.169328e+03   
4.000000e+08 2.725570e-07 1.718016e+05 9.319033e+03   
3.990000e+08 2.778162e-07 1.786344e+05 9.459205e+03   
3.980000e+08 2.834105e-07 1.856556e+05 9.590876e+03   
3.970000e+08 2.893274e-07 1.928673e+05 9.714837e+03   
3.960000e+08 2.955624e-07 2.002746e+05 9.831717e+03   
3.950000e+08 3.021130e-07 2.078843e+05 9.942132e+03   
3.940000e+08 3.089777e-07 2.157036e+05 1.004663e+04   
3.930000e+08 3.161485e-07 2.237372e+05 1.014577e+04   
3.920000e+08 3.236168e-07 2.319915e+05 1.024011e+04   
3.910000e+08 3.313788e-07 2.404740e+05 1.033016e+04   
3.900000e+08 3.394304e-07 2.491913e+05 1.041631e+04   
3.890000e+08 3.477688e-07 2.581512e+05 1.049895e+04   
3.880000e+08 3.563960e-07 2.673615e+05 1.057840e+04   
3.870000e+08 3.653138e-07 2.768302e+05 1.065489e+04   
3.860000e+08 3.745178e-07 2.865660e+05 1.072878e+04   
3.850000e+08 3.839996e-07 2.965767e+05 1.080045e+04   
3.840000e+08 3.937545e-07 3.068670e+05 1.087013e+04   
3.830000e+08 4.037791e-07 3.174425e+05 1.093801e+04   
3.820000e+08 4.140707e-07 3.283097e+05 1.100427e+04   
3.810000e+08 4.246327e-07 3.394762e+05 1.106903e+04   
3.800000e+08 4.354715e-07 3.509499e+05 1.113235e+04   
3.790000e+08 4.465849e-07 3.627377e+05 1.119441e+04   
3.780000e+08 4.579645e-07 3.748461e+05 1.125543e+04   
3.770000e+08 4.696115e-07 3.872827e+05 1.131551e+04   
3.760000e+08 4.815346e-07 4.000547e+05 1.137462e+04   
3.750000e+08 4.937389e-07 4.131684e+05 1.143278e+04   
3.740000e+08 5.062227e-07 4.266299e+05 1.149008e+04   
3.730000e+08 5.189874e-07 4.404479e+05 1.154660e+04   
3.720000e+08 5.320369e-07 4.546298e+05 1.160240e+04   
3.710000e+08 5.453738e-07 4.691845e+05 1.165752e+04   
3.700000e+08 5.590031e-07 4.841200e+05 1.171199e+04   
3.690000e+08 5.729261e-07 4.994406e+05 1.176584e+04   
3.680000e+08 5.871417e-07 5.151530e+05 1.181913e+04   
3.670000e+08 6.016540e-07 5.312671e+05 1.187191e+04   
3.660000e+08 6.164695e-07 5.477905e+05 1.192416e+04   
3.650000e+08 6.315928e-07 5.647308e+05 1.197590e+04   
3.640000e+08 6.470240e-07 5.820952e+05 1.202718e+04   
3.630000e+08 6.627637e-07 5.998919e+05 1.207805e+04   
3.620000e+08 6.788186e-07 6.181302e+05 1.212851e+04   
3.610000e+08 6.951941e-07 6.368183e+05 1.217857e+04   
3.600000e+08 7.118897e-07 6.559640e+05 1.222828e+04   
3.590000e+08 7.289091e-07 6.755774e+05 1.227766e+04   
3.580000e+08 7.462600e-07 6.956653e+05 1.232669e+04   
3.570000e+08 7.639496e-07 7.162359e+05 1.237535e+04   
3.560000e+08 7.819824e-07 7.373020e+05 1.242369e+04   
3.550000e+08 8.003557e-07 7.588702e+05 1.247174e+04   
3.540000e+08 8.190706e-07 7.809483e+05 1.251954e+04   
3.530000e+08 8.381336e-07 8.035464e+05 1.256707e+04   
3.520000e+08 8.575504e-07 8.266739e+05 1.261434e+04   
3.510000e+08 8.773243e-07 8.503392e+05 1.266135e+04   
3.500000e+08 8.974650e-07 8.745523e+05 1.270809e+04   
3.490000e+08 9.179807e-07 8.993218e+05 1.275452e+04   
3.480000e+08 9.388736e-07 9.246572e+05 1.280069e+04   
3.470000e+08 9.601448e-07 9.505714e+05 1.284665e+04   
3.460000e+08 9.817969e-07 9.770751e+05 1.289241e+04   
3.450000e+08 1.003832e-06 1.004177e+06 1.293800e+04   
3.440000e+08 1.026251e-06 1.031886e+06 1.298341e+04   
3.430000e+08 1.049061e-06 1.060212e+06 1.302864e+04   
3.420000e+08 1.072267e-06 1.089163e+06 1.307368e+04   
3.410000e+08 1.095879e-06 1.118749e+06 1.311849e+04   
3.400000e+08 1.119901e-06 1.148980e+06 1.316310e+04   
3.390000e+08 1.144340e-06 1.179871e+06 1.320752e+04   
3.380000e+08 1.169195e-06 1.211438e+06 1.325181e+04   
3.370000e+08 1.194470e-06 1.243691e+06 1.329599e+04   
3.360000e+08 1.220174e-06 1.276642e+06 1.334004e+04   
3.350000e+08 1.246315e-06 1.310301e+06 1.338393e+04   
3.340000e+08 1.272897e-06 1.344678e+06 1.342766e+04   
3.330000e+08 1.299923e-06 1.379787e+06 1.347127e+04   
3.320000e+08 1.327388e-06 1.415634e+06 1.351477e+04   
3.310000e+08 1.355301e-06 1.452230e+06 1.355815e+04   
3.300000e+08 1.383669e-06 1.489588e+06 1.360140e+04   
3.290000e+08 1.412495e-06 1.527717e+06 1.364451e+04   
3.280000e+08 1.441790e-06 1.566631e+06 1.368748e+04   
3.270000e+08 1.471565e-06 1.606346e+06 1.373031e+04   
3.260000e+08 1.501823e-06 1.646879e+06 1.377301e+04   
3.250000e+08 1.532571e-06 1.688247e+06 1.381563e+04   
3.240000e+08 1.563813e-06 1.730461e+06 1.385815e+04   
3.230000e+08 1.595556e-06 1.773536e+06 1.390057e+04   
3.220000e+08 1.627806e-06 1.817485e+06 1.394290e+04   
3.210000e+08 1.660569e-06 1.862317e+06 1.398512e+04   
3.200000e+08 1.693853e-06 1.908042e+06 1.402720e+04   
3.190000e+08 1.727664e-06 1.954679e+06 1.406917e+04   
3.180000e+08 1.762002e-06 2.002245e+06 1.411107e+04   
3.170000e+08 1.796871e-06 2.050756e+06 1.415290e+04   
3.160000e+08 1.832276e-06 2.100221e+06 1.419466e+04   
3.150000e+08 1.868226e-06 2.150654e+06 1.423634e+04   
3.140000e+08 1.904726e-06 2.202073e+06 1.427794e+04   
3.130000e+08 1.941784e-06 2.254492e+06 1.431947e+04   
3.120000e+08 1.979409e-06 2.307930e+06 1.436092e+04   
3.110000e+08 2.017607e-06 2.362400e+06 1.440230e+04   
3.100000e+08 2.056383e-06 2.417920e+06 1.444361e+04   
3.090000e+08 2.095743e-06 2.474505e+06 1.448486e+04   
3.080000e+08 2.135694e-06 2.532173e+06 1.452605e+04   
3.070000e+08 2.176239e-06 2.590940e+06 1.456719e+04   
3.060000e+08 2.217383e-06 2.650822e+06 1.460830e+04   
3.050000e+08 2.259132e-06 2.711837e+06 1.464936e+04   
3.040000e+08 2.301494e-06 2.773997e+06 1.469037e+04   
3.030000e+08 2.344480e-06 2.837316e+06 1.473131e+04   
3.020000e+08 2.388097e-06 2.901810e+06 1.477217e+04   
3.010000e+08 2.432356e-06 2.967502e+06 1.481297e+04   
3.000000e+08 2.477257e-06 3.034405e+06 1.485371e+04   
2.990000e+08 2.522799e-06 3.102535e+06 1.489441e+04   
2.980000e+08 2.568989e-06 3.171916e+06 1.493509e+04   
2.970000e+08 2.615839e-06 3.242569e+06 1.497573e+04   
2.960000e+08 2.663361e-06 3.314513e+06 1.501633e+04   
2.950000e+08 2.711563e-06 3.387767e+06 1.505689e+04   
2.940000e+08 2.760442e-06 3.462348e+06 1.509743e+04   
2.930000e+08 2.809997e-06 3.538275e+06 1.513797e+04   
2.920000e+08 2.860238e-06 3.615561e+06 1.517849e+04   
2.910000e+08 2.911175e-06 3.694223e+06 1.521897e+04   
2.900000e+08 2.962820e-06 3.774284e+06 1.525943e+04   
2.890000e+08 3.015181e-06 3.855771e+06 1.529986e+04   
2.880000e+08 3.068270e-06 3.938706e+06 1.534027e+04   
2.870000e+08 3.122094e-06 4.023105e+06 1.538064e+04   
2.860000e+08 3.176652e-06 4.108984e+06 1.542099e+04   
2.850000e+08 3.231949e-06 4.196367e+06 1.546133e+04   
2.840000e+08 3.287985e-06 4.285273e+06 1.550167e+04   
2.830000e+08 3.344772e-06 4.375722e+06 1.554200e+04   
2.820000e+08 3.402317e-06 4.467735e+06 1.558233e+04   
2.810000e+08 3.460626e-06 4.561333e+06 1.562265e+04   
2.800000e+08 3.519707e-06 4.656541e+06 1.566296e+04   
2.790000e+08 3.579571e-06 4.753380e+06 1.570327e+04   
2.780000e+08 3.640233e-06 4.851871e+06 1.574356e+04   
2.770000e+08 3.701693e-06 4.952030e+06 1.578382e+04   
2.760000e+08 3.763957e-06 5.053879e+06 1.582408e+04   
2.750000e+08 3.827032e-06 5.157445e+06 1.586432e+04   
2.740000e+08 3.890925e-06 5.262747e+06 1.590455e+04   
2.730000e+08 3.955645e-06 5.369814e+06 1.594478e+04   
2.720000e+08 4.021190e-06 5.478662e+06 1.598501e+04   
2.710000e+08 4.087564e-06 5.589311e+06 1.602525e+04   
2.700000e+08 4.154776e-06 5.701791e+06 1.606550e+04   
2.690000e+08 4.222844e-06 5.816131e+06 1.610576e+04   
2.680000e+08 4.291772e-06 5.932346e+06 1.614601e+04   
2.670000e+08 4.361564e-06 6.050456e+06 1.618625e+04   
2.660000e+08 4.432225e-06 6.170488e+06 1.622650e+04   
2.650000e+08 4.503764e-06 6.292472e+06 1.626677e+04   
2.640000e+08 4.576184e-06 6.416429e+06 1.630704e+04   
2.630000e+08 4.649498e-06 6.542384e+06 1.634733e+04   
2.620000e+08 4.723715e-06 6.670360e+06 1.638761e+04   
2.610000e+08 4.798836e-06 6.800384e+06 1.642791e+04   
2.600000e+08 4.874871e-06 6.932473e+06 1.646821e+04   
2.590000e+08 4.951832e-06 7.066660e+06 1.650851e+04   
2.580000e+08 5.029724e-06 7.202966e+06 1.654882e+04   
2.570000e+08 5.108553e-06 7.341424e+06 1.658913e+04   
2.560000e+08 5.188320e-06 7.482046e+06 1.662946e+04   
2.550000e+08 5.269029e-06 7.624858e+06 1.666980e+04   
2.540000e+08 5.350686e-06 7.769884e+06 1.671015e+04   
2.530000e+08 5.433310e-06 7.917160e+06 1.675051e+04   
2.520000e+08 5.516911e-06 8.066707e+06 1.679086e+04   
2.510000e+08 5.601497e-06 8.218554e+06 1.683122e+04   
2.500000e+08 5.687068e-06 8.372730e+06 1.687159e+04   
2.490000e+08 5.773630e-06 8.529269e+06 1.691198e+04   
2.480000e+08 5.861190e-06 8.688193e+06 1.695239e+04   
2.470000e+08 5.949764e-06 8.849534e+06 1.699282e+04   
2.460000e+08 6.039351e-06 9.013312e+06 1.703325e+04   
2.450000e+08 6.129968e-06 9.179561e+06 1.707370e+04   
2.440000e+08 6.221616e-06 9.348300e+06 1.711415e+04   
2.430000e+08 6.314305e-06 9.519569e+06 1.715463e+04   
2.420000e+08 6.408042e-06 9.693387e+06 1.719511e+04   
2.410000e+08 6.502835e-06 9.869793e+06 1.723561e+04   
2.400000e+08 6.598677e-06 1.004881e+07 1.727614e+04   
2.390000e+08 6.695586e-06 1.023048e+07 1.731669e+04   
2.380000e+08 6.793565e-06 1.041483e+07 1.735728e+04   
2.370000e+08 6.892628e-06 1.060189e+07 1.739789e+04   
2.360000e+08 6.992776e-06 1.079167e+07 1.743852e+04   
2.350000e+08 7.094017e-06 1.098422e+07 1.747918e+04   
2.340000e+08 7.196357e-06 1.117955e+07 1.751986e+04   
2.330000e+08 7.299816e-06 1.137770e+07 1.756056e+04   
2.320000e+08 7.404387e-06 1.157869e+07 1.760127e+04   
2.310000e+08 7.510077e-06 1.178257e+07 1.764201e+04   
2.300000e+08 7.616891e-06 1.198935e+07 1.768278e+04   
2.290000e+08 7.724840e-06 1.219908e+07 1.772357e+04   
2.280000e+08 7.833939e-06 1.241178e+07 1.776439e+04   
2.270000e+08 7.944206e-06 1.262748e+07 1.780522e+04   
2.260000e+08 8.055620e-06 1.284621e+07 1.784606e+04   
2.250000e+08 8.168198e-06 1.306800e+07 1.788694e+04   
2.240000e+08 8.281945e-06 1.329289e+07 1.792784e+04   
2.230000e+08 8.396883e-06 1.352091e+07 1.796876e+04   
2.220000e+08 8.513012e-06 1.375209e+07 1.800970e+04   
2.210000e+08 8.630345e-06 1.398647e+07 1.805067e+04   
2.200000e+08 8.748885e-06 1.422406e+07 1.809164e+04   
2.190000e+08 8.868634e-06 1.446492e+07 1.813264e+04   
2.180000e+08 8.989597e-06 1.470906e+07 1.817366e+04   
2.170000e+08 9.111805e-06 1.495654e+07 1.821470e+04   
2.160000e+08 9.235251e-06 1.520738e+07 1.825577e+04   
2.150000e+08 9.359950e-06 1.546164e+07 1.829687e+04   
2.140000e+08 9.485883e-06 1.571930e+07 1.833798e+04   
2.130000e+08 9.613081e-06 1.598044e+07 1.837913e+04   
2.120000e+08 9.741538e-06 1.624506e+07 1.842030e+04   
2.110000e+08 9.871265e-06 1.651323e+07 1.846151e+04   
2.100000e+08 1.000226e-05 1.678496e+07 1.850273e+04   
2.090000e+08 1.013454e-05 1.706031e+07 1.854401e+04   
2.080000e+08 1.026810e-05 1.733927e+07 1.858531e+04   
2.070000e+08 1.040298e-05 1.762193e+07 1.862664e+04   
2.060000e+08 1.053915e-05 1.790828e+07 1.866799e+04   
2.050000e+08 1.067665e-05 1.819838e+07 1.870936e+04   
2.040000e+08 1.081547e-05 1.849226e+07 1.875077e+04   
2.030000e+08 1.095564e-05 1.878998e+07 1.879220e+04   
2.020000e+08 1.109712e-05 1.909154e+07 1.883366e+04   
2.010000e+08 1.123995e-05 1.939701e+07 1.887516e+04   
2.000000e+08 1.138411e-05 1.970639e+07 1.891670e+04   
1.990000e+08 1.152963e-05 2.001976e+07 1.895829e+04   
1.980000e+08 1.167651e-05 2.033712e+07 1.899992e+04   
1.970000e+08 1.182477e-05 2.065855e+07 1.904158e+04   
1.960000e+08 1.197439e-05 2.098404e+07 1.908325e+04   
1.950000e+08 1.212543e-05 2.131366e+07 1.912497e+04   
1.940000e+08 1.227786e-05 2.164740e+07 1.916670e+04   
1.930000e+08 1.243169e-05 2.198537e+07 1.920847e+04   
1.920000e+08 1.258693e-05 2.232755e+07 1.925026e+04   
1.910000e+08 1.274361e-05 2.267404e+07 1.929210e+04   
1.900000e+08 1.290169e-05 2.302480e+07 1.933396e+04   
1.890000e+08 1.306121e-05 2.337994e+07 1.937587e+04   
1.880000e+08 1.322215e-05 2.373945e+07 1.941782e+04   
1.870000e+08 1.338455e-05 2.410342e+07 1.945980e+04   
1.860000e+08 1.354838e-05 2.447181e+07 1.950180e+04   
1.850000e+08 1.371370e-05 2.484476e+07 1.954384e+04   
1.840000e+08 1.388048e-05 2.522222e+07 1.958591e+04   
1.830000e+08 1.404875e-05 2.560431e+07 1.962802e+04   
1.820000e+08 1.421849e-05 2.599100e+07 1.967016e+04   
1.810000e+08 1.438973e-05 2.638239e+07 1.971234e+04   
1.800000e+08 1.456244e-05 2.677846e+07 1.975455e+04   
1.790000e+08 1.473667e-05 2.717934e+07 1.979681e+04   
1.780000e+08 1.491241e-05 2.758496e+07 1.983910e+04   
1.770000e+08 1.508966e-05 2.799547e+07 1.988143e+04   
1.760000e+08 1.526843e-05 2.841081e+07 1.992379e+04   
1.750000e+08 1.544875e-05 2.883111e+07 1.996620e+04   
1.740000e+08 1.563059e-05 2.925632e+07 2.000863e+04   
1.730000e+08 1.581400e-05 2.968659e+07 2.005110e+04   
1.720000e+08 1.599895e-05 3.012185e+07 2.009360e+04   
1.710000e+08 1.618547e-05 3.056226e+07 2.013616e+04   
1.700000e+08 1.637353e-05 3.100773e+07 2.017873e+04   
1.690000e+08 1.656318e-05 3.145845e+07 2.022136e+04   
1.680000e+08 1.675440e-05 3.191434e+07 2.026400e+04   
1.670000e+08 1.694724e-05 3.237555e+07 2.030671e+04   
1.660000e+08 1.714164e-05 3.284201e+07 2.034945e+04   
1.650000e+08 1.733765e-05 3.331388e+07 2.039223e+04   
1.640000e+08 1.753525e-05 3.379108e+07 2.043504e+04   
1.630000e+08 1.773449e-05 3.427378e+07 2.047791e+04   
1.620000e+08 1.793532e-05 3.476190e+07 2.052081e+04   
1.610000e+08 1.813777e-05 3.525561e+07 2.056376e+04   
1.600000e+08 1.834183e-05 3.575481e+07 2.060673e+04   
1.590000e+08 1.854756e-05 3.625970e+07 2.064978e+04   
1.580000e+08 1.875491e-05 3.677016e+07 2.069285e+04   
1.570000e+08 1.896391e-05 3.728641e+07 2.073597e+04   
1.560000e+08 1.917454e-05 3.780834e+07 2.077913e+04   
1.550000e+08 1.938686e-05 3.833615e+07 2.082234e+04   
1.540000e+08 1.960080e-05 3.886972e+07 2.086559e+04   
1.530000e+08 1.981642e-05 3.940926e+07 2.090891e+04   
1.520000e+08 2.003371e-05 3.995464e+07 2.095225e+04   
1.510000e+08 2.025272e-05 4.050608e+07 2.099564e+04   
1.500000e+08 2.047340e-05 4.106345e+07 2.103907e+04   
1.490000e+08 2.069579e-05 4.162698e+07 2.108255e+04   
1.480000e+08 2.091988e-05 4.219652e+07 2.112604e+04   
1.470000e+08 2.114572e-05 4.277232e+07 2.116959e+04   
1.460000e+08 2.137327e-05 4.335424e+07 2.121317e+04   
1.450000e+08 2.160258e-05 4.394250e+07 2.125679e+04   
1.440000e+08 2.183360e-05 4.453698e+07 2.130045e+04   
1.430000e+08 2.206636e-05 4.513790e+07 2.134417e+04   
1.420000e+08 2.230085e-05 4.574513e+07 2.138792e+04   
1.410000e+08 2.253709e-05 4.635890e+07 2.143173e+04   
1.400000e+08 2.277506e-05 4.697907e+07 2.147556e+04   
1.390000e+08 2.301479e-05 4.760588e+07 2.151948e+04   
1.380000e+08 2.325627e-05 4.823916e+07 2.156342e+04   
1.370000e+08 2.349955e-05 4.887920e+07 2.160743e+04   
1.360000e+08 2.374460e-05 4.952581e+07 2.165146e+04   
1.350000e+08 2.399144e-05 5.017927e+07 2.169555e+04   
1.340000e+08 2.424006e-05 5.083941e+07 2.173967e+04   
1.330000e+08 2.449048e-05 5.150651e+07 2.178385e+04   
1.320000e+08 2.474270e-05 5.218037e+07 2.182805e+04   
1.310000e+08 2.499675e-05 5.286129e+07 2.187233e+04   
1.300000e+08 2.525258e-05 5.354906e+07 2.191663e+04   
1.290000e+08 2.551024e-05 5.424402e+07 2.196101e+04   
1.280000e+08 2.576967e-05 5.494594e+07 2.200543e+04   
1.270000e+08 2.603098e-05 5.565514e+07 2.204991e+04   
1.260000e+08 2.629408e-05 5.637140e+07 2.209443e+04   
1.250000e+08 2.655906e-05 5.709503e+07 2.213900e+04   
1.240000e+08 2.682581e-05 5.782580e+07 2.218362e+04   
1.230000e+08 2.709449e-05 5.856406e+07 2.222829e+04   
1.220000e+08 2.736494e-05 5.930957e+07 2.227303e+04   
1.210000e+08 2.763729e-05 6.006265e+07 2.231781e+04   
1.200000e+08 2.791142e-05 6.082308e+07 2.236265e+04   
1.190000e+08 2.818748e-05 6.159122e+07 2.240754e+04   
1.180000e+08 2.846537e-05 6.236680e+07 2.245247e+04   
1.170000e+08 2.874520e-05 6.315020e+07 2.249746e+04   
1.160000e+08 2.902687e-05 6.394114e+07 2.254250e+04   
1.150000e+08 2.931046e-05 6.473998e+07 2.258760e+04   
1.140000e+08 2.959591e-05 6.554646e+07 2.263274e+04   
1.130000e+08 2.988329e-05 6.636094e+07 2.267796e+04   
1.120000e+08 3.017252e-05 6.718314e+07 2.272319e+04   
1.110000e+08 3.046368e-05 6.801347e+07 2.276850e+04   
1.100000e+08 3.075673e-05 6.885162e+07 2.281383e+04   
1.090000e+08 3.105171e-05 6.969800e+07 2.285926e+04   
1.080000e+08 3.134858e-05 7.055230e+07 2.290470e+04   
1.070000e+08 3.164741e-05 7.141496e+07 2.295021e+04   
1.060000e+08 3.194816e-05 7.228561e+07 2.299575e+04   
1.050000e+08 3.225094e-05 7.316473e+07 2.304134e+04   
1.040000e+08 3.255557e-05 7.405195e+07 2.308698e+04   
1.030000e+08 3.286223e-05 7.494775e+07 2.313266e+04   
1.020000e+08 3.317075e-05 7.585177e+07 2.317841e+04   
1.010000e+08 3.348132e-05 7.676451e+07 2.322420e+04   
1.000000e+08 3.379380e-05 7.768558e+07 2.327003e+04   
9.900000e+07 3.410831e-05 7.861546e+07 2.331594e+04   
9.800000e+07 3.442473e-05 7.955375e+07 2.336187e+04   
9.700000e+07 3.474316e-05 8.050095e+07 2.340788e+04   
9.600000e+07 3.506354e-05 8.145667e+07 2.345391e+04   
9.500000e+07 3.538590e-05 8.242143e+07 2.350005e+04   
9.400000e+07 3.571021e-05 8.339482e+07 2.354619e+04   
9.300000e+07 3.603658e-05 8.437737e+07 2.359242e+04   
9.200000e+07 3.636493e-05 8.536863e+07 2.363866e+04   
9.100000e+07 3.669533e-05 8.636920e+07 2.368498e+04   
9.000000e+07 3.702765e-05 8.737858e+07 2.373133e+04   
8.900000e+07 3.736209e-05 8.839736e+07 2.377775e+04   
8.800000e+07 3.769845e-05 8.942507e+07 2.382422e+04   
8.700000e+07 3.803693e-05 9.046231e+07 2.387074e+04   
8.600000e+07 3.837733e-05 9.150856e+07 2.391730e+04   
8.500000e+07 3.871985e-05 9.256445e+07 2.396394e+04   
8.400000e+07 3.906432e-05 9.362947e+07 2.401060e+04   
8.300000e+07 3.941087e-05 9.470425e+07 2.405736e+04   
8.200000e+07 3.975943e-05 9.578826e+07 2.410413e+04   
8.100000e+07 4.011006e-05 9.688217e+07 2.415100e+04   
8.000000e+07 4.046273e-05 9.798539e+07 2.419788e+04   
7.900000e+07 4.081748e-05 9.909862e+07 2.424484e+04   
7.800000e+07 4.117421e-05 1.002213e+08 2.429182e+04   
7.700000e+07 4.153311e-05 1.013541e+08 2.433888e+04   
7.600000e+07 4.189393e-05 1.024964e+08 2.438599e+04   
7.500000e+07 4.225695e-05 1.036490e+08 2.443316e+04   
7.400000e+07 4.262189e-05 1.048112e+08 2.448038e+04   
7.300000e+07 4.298900e-05 1.059838e+08 2.452767e+04   
7.200000e+07 4.335814e-05 1.071662e+08 2.457498e+04   
7.100000e+07 4.372939e-05 1.083591e+08 2.462241e+04   
7.000000e+07 4.410268e-05 1.095618e+08 2.466984e+04   
6.900000e+07 4.447807e-05 1.107752e+08 2.471737e+04   
6.800000e+07 4.485551e-05 1.119985e+08 2.476491e+04   
6.700000e+07 4.523513e-05 1.132326e+08 2.481254e+04   
6.600000e+07 4.561671e-05 1.144767e+08 2.486023e+04   
6.500000e+07 4.600050e-05 1.157317e+08 2.490796e+04   
6.400000e+07 4.638621e-05 1.169968e+08 2.495578e+04   
6.300000e+07 4.677413e-05 1.182730e+08 2.500365e+04   
6.200000e+07 4.716407e-05 1.195593e+08 2.505155e+04   
6.100000e+07 4.755617e-05 1.208569e+08 2.509954e+04   
6.000000e+07 4.795036e-05 1.221647e+08 2.514754e+04   
5.900000e+07 4.834668e-05 1.234839e+08 2.519566e+04   
5.800000e+07 4.874506e-05 1.248134e+08 2.524378e+04   
5.700000e+07 4.914566e-05 1.261544e+08 2.529197e+04   
5.600000e+07 4.954824e-05 1.275059e+08 2.534021e+04   
5.500000e+07 4.995312e-05 1.288689e+08 2.538851e+04   
5.400000e+07 5.035998e-05 1.302426e+08 2.543687e+04   
5.300000e+07 5.076908e-05 1.316280e+08 2.548531e+04   
5.200000e+07 5.118024e-05 1.330241e+08 2.553375e+04   
5.100000e+07 5.159357e-05 1.344320e+08 2.558232e+04   
5.000000e+07 5.200898e-05 1.358508e+08 2.563087e+04   
4.900000e+07 5.242663e-05 1.372815e+08 2.567954e+04   
4.800000e+07 5.284632e-05 1.387232e+08 2.572823e+04   
4.700000e+07 5.326831e-05 1.401769e+08 2.577698e+04   
4.600000e+07 5.369228e-05 1.416417e+08 2.582580e+04   
4.500000e+07 5.411859e-05 1.431188e+08 2.587467e+04   
4.400000e+07 5.454693e-05 1.446070e+08 2.592358e+04   
4.300000e+07 5.497747e-05 1.461075e+08 2.597258e+04   
4.200000e+07 5.541015e-05 1.476193e+08 2.602157e+04   
4.100000e+07 5.584505e-05 1.491435e+08 2.607069e+04   
4.000000e+07 5.628204e-05 1.506791e+08 2.611981e+04   
3.900000e+07 5.672137e-05 1.522274e+08 2.616901e+04   
3.800000e+07 5.716270e-05 1.537870e+08 2.621826e+04   
3.700000e+07 5.760638e-05 1.553595e+08 2.626757e+04   
3.600000e+07 5.805206e-05 1.569435e+08 2.631691e+04   
3.500000e+07 5.850003e-05 1.585404e+08 2.636635e+04   
3.400000e+07 5.895012e-05 1.601490e+08 2.641578e+04   
3.300000e+07 5.940245e-05 1.617706e+08 2.646534e+04   
3.200000e+07 5.985690e-05 1.634040e+08 2.651491e+04   
3.100000e+07 6.031369e-05 1.650506e+08 2.656456e+04   
3.000000e+07 6.077244e-05 1.667090e+08 2.661426e+04   
2.900000e+07 6.123359e-05 1.683807e+08 2.666402e+04   
2.800000e+07 6.169674e-05 1.700644e+08 2.671382e+04   
2.700000e+07 6.216222e-05 1.717617e+08 2.676372e+04   
2.600000e+07 6.262984e-05 1.734709e+08 2.681360e+04   
2.500000e+07 6.309972e-05 1.751938e+08 2.686363e+04   
2.400000e+07 6.357170e-05 1.769287e+08 2.691365e+04   
2.300000e+07 6.404609e-05 1.786776e+08 2.696375e+04   
2.200000e+07 6.452242e-05 1.804386e+08 2.701390e+04   
2.100000e+07 6.500117e-05 1.822136e+08 2.706414e+04   
2.000000e+07 6.548198e-05 1.840008e+08 2.711438e+04   
1.900000e+07 6.596508e-05 1.858023e+08 2.716474e+04   
1.800000e+07 6.645032e-05 1.876160e+08 2.721508e+04   
1.700000e+07 6.693789e-05 1.894441e+08 2.726556e+04   
1.600000e+07 6.742746e-05 1.912847e+08 2.731604e+04   
1.500000e+07 6.791954e-05 1.931397e+08 2.736659e+04   
1.400000e+07 6.841356e-05 1.950072e+08 2.741719e+04   
1.300000e+07 6.891002e-05 1.968895e+08 2.746790e+04   
1.200000e+07 6.940859e-05 1.987843e+08 2.751857e+04   
1.100000e+07 6.990951e-05 2.006940e+08 2.756941e+04   
1.000000e+07 7.041248e-05 2.026162e+08 2.762021e+04   
9.000000e+06 7.091793e-05 2.045538e+08 2.767114e+04   
8.000000e+06 7.142528e-05 2.065038e+08 2.772210e+04   
7.000000e+06 7.193519e-05 2.084694e+08 2.777315e+04   
6.000000e+06 7.244692e-05 2.104475e+08 2.782421e+04   
5.000000e+06 7.296122e-05 2.124417e+08 2.787544e+04   
4.000000e+06 7.347728e-05 2.144482e+08 2.792666e+04   
3.000000e+06 7.399600e-05 2.164713e+08 2.797807e+04   
2.000000e+06 7.451555e-05 2.185073e+08 2.802971e+04   
1.000000e+06 7.503729e-05 2.205605e+08 2.808160e+04   
0.000000e+00 7.556250e-05 2.226250e+08 2.813307e+04   
