4.990000e+08 1.711106e-10 3.919405e+01 3.420250e+03
4.980000e+08 1.796758e-10 4.313240e+01 3.628291e+03
4.970000e+08 1.951840e-10 4.715054e+01 3.656929e+03
4.960000e+08 2.135829e-10 5.186086e+01 3.672292e+03
4.950000e+08 2.328689e-10 5.696660e+01 3.694141e+03
4.940000e+08 2.538904e-10 6.262561e+01 3.723277e+03
4.930000e+08 2.769397e-10 6.885870e+01 3.752968e+03
4.920000e+08 3.022690e-10 7.573437e+01 3.782080e+03
4.910000e+08 3.300702e-10 8.331363e+01 3.810472e+03
4.900000e+08 3.605872e-10 9.167390e+01 3.838264e+03
4.890000e+08 3.940546e-10 1.008832e+02 3.865205e+03
4.880000e+08 4.307458e-10 1.110276e+02 3.891724e+03
4.870000e+08 4.709672e-10 1.222032e+02 3.917971e+03
4.860000e+08 5.150683e-10 1.345161e+02 3.943651e+03
4.850000e+08 5.633998e-10 1.480745e+02 3.968914e+03
4.840000e+08 6.162940e-10 1.629858e+02 3.994025e+03
4.830000e+08 6.741238e-10 1.793717e+02 4.019067e+03
4.820000e+08 7.373380e-10 1.973732e+02 4.043761e+03
4.810000e+08 8.063990e-10 2.171320e+02 4.068039e+03
4.800000e+08 8.818384e-10 2.388138e+02 4.092049e+03
4.790000e+08 9.642759e-10 2.626133e+02 4.115859e+03
4.780000e+08 1.054404e-09 2.887428e+02 4.139301e+03
4.770000e+08 1.152992e-09 3.174364e+02 4.162246e+03
4.760000e+08 1.260942e-09 3.489727e+02 4.184675e+03
4.750000e+08 1.379164e-09 3.836277e+02 4.206529e+03
4.740000e+08 1.508671e-09 4.217118e+02 4.227828e+03
4.730000e+08 1.650442e-09 4.635301e+02 4.248573e+03
4.720000e+08 1.805514e-09 5.094110e+02 4.268789e+03
4.710000e+08 1.974958e-09 5.596910e+02 4.288424e+03
4.700000e+08 2.159884e-09 6.147253e+02 4.307503e+03
4.690000e+08 2.361277e-09 6.748411e+02 4.326053e+03
4.680000e+08 2.580529e-09 7.404890e+02 4.344137e+03
4.670000e+08 2.819447e-09 8.122493e+02 4.361867e+03
4.660000e+08 3.080047e-09 8.907730e+02 4.379319e+03
4.650000e+08 3.364624e-09 9.767996e+02 4.396613e+03
4.640000e+08 3.675241e-09 1.071005e+03 4.413749e+03
4.630000e+08 4.013873e-09 1.174055e+03 4.430765e+03
4.620000e+08 4.382592e-09 1.286661e+03 4.447725e+03
4.610000e+08 4.784259e-09 1.409749e+03 4.464555e+03
4.600000e+08 5.223312e-09 1.544738e+03 4.481234e+03
4.590000e+08 5.704049e-09 1.692972e+03 4.497737e+03
4.580000e+08 6.229300e-09 1.855342e+03 4.513889e+03
4.570000e+08 6.801741e-09 2.032682e+03 4.529517e+03
4.560000e+08 7.425689e-09 2.226430e+03 4.544735e+03
4.550000e+08 8.106317e-09 2.438272e+03 4.559629e+03
4.540000e+08 8.848838e-09 2.669974e+03 4.574288e+03
4.530000e+08 9.657362e-09 2.922892e+03 4.588665e+03
4.520000e+08 1.053738e-08 3.198963e+03 4.602882e+03
4.510000e+08 1.149621e-08 3.500592e+03 4.616996e+03
4.500000e+08 1.254136e-08 3.830258e+03 4.630977e+03
4.490000e+08 1.367837e-08 4.189784e+03 4.644714e+03
4.480000e+08 1.491388e-08 4.581561e+03 4.658308e+03
4.470000e+08 1.625454e-08 5.007811e+03 4.671783e+03
4.460000e+08 1.770839e-08 5.471304e+03 4.685142e+03
4.450000e+08 1.928666e-08 5.975885e+03 4.698502e+03
4.440000e+08 2.099916e-08 6.525034e+03 4.711935e+03
4.430000e+08 2.285572e-08 7.122167e+03 4.725466e+03
4.420000e+08 2.486634e-08 7.770877e+03 4.739083e+03
4.410000e+08 2.704304e-08 8.475525e+03 4.752868e+03
4.400000e+08 2.939871e-08 9.240772e+03 4.766780e+03
4.390000e+08 3.194614e-08 1.007276e+04 4.781746e+03
4.380000e+08 3.470768e-08 1.097665e+04 4.796217e+03
4.370000e+08 3.769361e-08 1.195730e+04 4.810686e+03
4.360000e+08 4.091373e-08 1.301900e+04 4.825324e+03
4.350000e+08 4.438039e-08 1.416692e+04 4.840276e+03
4.340000e+08 4.810672e-08 1.540655e+04 4.855607e+03
4.330000e+08 5.211087e-08 1.674548e+04 4.871525e+03
4.320000e+08 5.640254e-08 1.818889e+04 4.888186e+03
4.310000e+08 6.098954e-08 1.974185e+04 4.905781e+03
4.300000e+08 6.588407e-08 2.141106e+04 4.924462e+03
4.290000e+08 7.109988e-08 2.320428e+04 4.944441e+03
4.280000e+08 7.664402e-08 2.512755e+04 4.965919e+03
4.270000e+08 8.252291e-08 2.718769e+04 4.989169e+03
4.260000e+08 8.873438e-08 2.938835e+04 5.014284e+03
4.250000e+08 9.528086e-08 3.173604e+04 5.041477e+03
4.240000e+08 1.021650e-07 3.423738e+04 5.070913e+03
4.230000e+08 1.093897e-07 3.690126e+04 5.102951e+03
4.220000e+08 1.169380e-07 3.972873e+04 5.137711e+03
4.210000e+08 1.248053e-07 4.272861e+04 5.175642e+03
4.200000e+08 1.329778e-07 4.590475e+04 5.216907e+03
4.190000e+08 1.414370e-07 4.926268e+04 5.261870e+03
4.180000e+08 1.501480e-07 5.279968e+04 5.310625e+03
4.170000e+08 1.590948e-07 5.652564e+04 5.363719e+03
4.160000e+08 1.682351e-07 6.044057e+04 5.421663e+03
4.150000e+08 1.775079e-07 6.454550e+04 5.485440e+03
4.140000e+08 1.868159e-07 6.882886e+04 5.556089e+03
4.130000e+08 1.960632e-07 7.328900e+04 5.635354e+03
4.120000e+08 2.051468e-07 7.792973e+04 5.725680e+03
4.110000e+08 2.137917e-07 8.271884e+04 5.832818e+03
4.100000e+08 2.216575e-07 8.762710e+04 5.966302e+03
4.090000e+08 2.283099e-07 9.258692e+04 6.135308e+03
4.080000e+08 2.332484e-07 9.752973e+04 6.352042e+03
4.070000e+08 2.366099e-07 1.024608e+05 6.611754e+03
4.060000e+08 2.392257e-07 1.074365e+05 6.885362e+03
4.050000e+08 2.415205e-07 1.124933e+05 7.157217e+03
4.040000e+08 2.433662e-07 1.176488e+05 7.431796e+03
4.030000e+08 2.449508e-07 1.229224e+05 7.705515e+03
4.020000e+08 2.466313e-07 1.283329e+05 7.968137e+03
4.010000e+08 2.486603e-07 1.338989e+05 8.213862e+03
4.000000e+08 2.512769e-07 1.396360e+05 8.437901e+03
3.990000e+08 2.544685e-07 1.455394e+05 8.640797e+03
3.980000e+08 2.580962e-07 1.516156e+05 8.827946e+03
3.970000e+08 2.621388e-07 1.578569e+05 9.001119e+03
3.960000e+08 2.665296e-07 1.642693e+05 9.163065e+03
3.950000e+08 2.712303e-07 1.708560e+05 9.315766e+03
3.940000e+08 2.763405e-07 1.776177e+05 9.457434e+03
3.930000e+08 2.818863e-07 1.845631e+05 9.588208e+03
3.920000e+08 2.877998e-07 1.916871e+05 9.709939e+03
3.910000e+08 2.940338e-07 1.989896e+05 9.824023e+03
3.900000e+08 3.005475e-07 2.064734e+05 9.931795e+03
3.890000e+08 3.073541e-07 2.141440e+05 1.003352e+04
3.880000e+08 3.144612e-07 2.220165e+05 1.012979e+04
3.870000e+08 3.218197e-07 2.301022e+05 1.022196e+04
3.860000e+08 3.294126e-07 2.384029e+05 1.031065e+04
3.850000e+08 3.372962e-07 2.469411e+05 1.039570e+04
3.840000e+08 3.455129e-07 2.557308e+05 1.047683e+04
3.830000e+08 3.540403e-07 2.647736e+05 1.055441e+04
3.820000e+08 3.628766e-07 2.740932e+05 1.062919e+04
3.810000e+08 3.720357e-07 2.837118e+05 1.070170e+04
3.800000e+08 3.814805e-07 2.936493e+05 1.077306e+04
3.790000e+08 3.911567e-07 3.039070e+05 1.084420e+04
3.780000e+08 4.010832e-07 3.144671e+05 1.091423e+04
3.770000e+08 4.113128e-07 3.253141e+05 1.098194e+04
3.760000e+08 4.218770e-07 3.364618e+05 1.104722e+04
3.750000e+08 4.327753e-07 3.479445e+05 1.111088e+04
3.740000e+08 4.439717e-07 3.597581e+05 1.117321e+04
3.730000e+08 4.554664e-07 3.719076e+05 1.123419e+04
3.720000e+08 4.672850e-07 3.843914e+05 1.129353e+04
3.710000e+08 4.793542e-07 3.972282e+05 1.135249e+04
3.700000e+08 4.915807e-07 4.104407e+05 1.141258e+04
3.690000e+08 5.040249e-07 4.240164e+05 1.147280e+04
3.680000e+08 5.168556e-07 4.379749e+05 1.153150e+04
3.670000e+08 5.300859e-07 4.523162e+05 1.158848e+04
3.660000e+08 5.436141e-07 4.670234e+05 1.164455e+04
3.650000e+08 5.574116e-07 4.820966e+05 1.169993e+04
3.640000e+08 5.714892e-07 4.975755e+05 1.175497e+04
3.630000e+08 5.858163e-07 5.134521e+05 1.180983e+04
3.620000e+08 6.003859e-07 5.297190e+05 1.186443e+04
3.610000e+08 6.152674e-07 5.463891e+05 1.191818e+04
3.600000e+08 6.305080e-07 5.634669e+05 1.197075e+04
3.590000e+08 6.460493e-07 5.809649e+05 1.202298e+04
3.580000e+08 6.617573e-07 5.988571e+05 1.207564e+04
3.570000e+08 6.776485e-07 6.171700e+05 1.212870e+04
3.560000e+08 6.938540e-07 6.359439e+05 1.218130e+04
3.550000e+08 7.104458e-07 6.552283e+05 1.223332e+04
3.540000e+08 7.274091e-07 6.750334e+05 1.228507e+04
3.530000e+08 7.447434e-07 6.953446e+05 1.233642e+04
3.520000e+08 7.624179e-07 7.161512e+05 1.238744e+04
3.510000e+08 7.804205e-07 7.374291e+05 1.243784e+04
3.500000e+08 7.987908e-07 7.591365e+05 1.248691e+04
3.490000e+08 8.175619e-07 7.812846e+05 1.253460e+04
3.480000e+08 8.367097e-07 8.039166e+05 1.258153e+04
3.470000e+08 8.561602e-07 8.270798e+05 1.262859e+04
3.460000e+08 8.758850e-07 8.508046e+05 1.267615e+04
3.450000e+08 8.959295e-07 8.750941e+05 1.272386e+04
3.440000e+08 9.163287e-07 8.999099e+05 1.277111e+04
3.430000e+08 9.370992e-07 9.252393e+05 1.281770e+04
3.420000e+08 9.582571e-07 9.510550e+05 1.286329e+04
3.410000e+08 9.798393e-07 9.773898e+05 1.290789e+04
3.400000e+08 1.001806e-06 1.004323e+06 1.295235e+04
3.390000e+08 1.024107e-06 1.031898e+06 1.299725e+04
3.380000e+08 1.046779e-06 1.060142e+06 1.304250e+04
3.370000e+08 1.069892e-06 1.089082e+06 1.308777e+04
3.360000e+08 1.093483e-06 1.118721e+06 1.313281e+04
3.350000e+08 1.117534e-06 1.149041e+06 1.317756e+04
3.340000e+08 1.142010e-06 1.180026e+06 1.322207e+04
3.330000e+08 1.166902e-06 1.211670e+06 1.326635e+04
3.320000e+08 1.192216e-06 1.244019e+06 1.331061e+04
3.310000e+08 1.217870e-06 1.277060e+06 1.335514e+04
3.300000e+08 1.243811e-06 1.310735e+06 1.339981e+04
3.290000e+08 1.270152e-06 1.345098e+06 1.344432e+04
3.280000e+08 1.296951e-06 1.380180e+06 1.348853e+04
3.270000e+08 1.324214e-06 1.416024e+06 1.353264e+04
3.260000e+08 1.351910e-06 1.452638e+06 1.357675e+04
3.250000e+08 1.379992e-06 1.489936e+06 1.362066e+04
3.240000e+08 1.408518e-06 1.527956e+06 1.366425e+04
3.230000e+08 1.437526e-06 1.566732e+06 1.370748e+04
3.220000e+08 1.466958e-06 1.606264e+06 1.375061e+04
3.210000e+08 1.496819e-06 1.646588e+06 1.379372e+04
3.200000e+08 1.527212e-06 1.687723e+06 1.383647e+04
3.190000e+08 1.558166e-06 1.729674e+06 1.387872e+04
3.180000e+08 1.589670e-06 1.772470e+06 1.392063e+04
3.170000e+08 1.621743e-06 1.816122e+06 1.396212e+04
3.160000e+08 1.654352e-06 1.860614e+06 1.400326e+04
3.150000e+08 1.687449e-06 1.905966e+06 1.404433e+04
3.140000e+08 1.721019e-06 1.952238e+06 1.408557e+04
3.130000e+08 1.755040e-06 1.999442e+06 1.412708e+04
3.120000e+08 1.789531e-06 2.047577e+06 1.416870e+04
3.110000e+08 1.824558e-06 2.096692e+06 1.421035e+04
3.100000e+08 1.860196e-06 2.146846e+06 1.425195e+04
3.090000e+08 1.896477e-06 2.198054e+06 1.429338e+04
3.080000e+08 1.933371e-06 2.250282e+06 1.433462e+04
3.070000e+08 1.970880e-06 2.303563e+06 1.437575e+04
3.060000e+08 2.008930e-06 2.357878e+06 1.441690e+04
3.050000e+08 2.047486e-06 2.413230e+06 1.445817e+04
3.040000e+08 2.086613e-06 2.469660e+06 1.449948e+04
3.030000e+08 2.126396e-06 2.527179e+06 1.454056e+04
3.020000e+08 2.166914e-06 2.585832e+06 1.458128e+04
3.010000e+08 2.208151e-06 2.645662e+06 1.462180e+04
3.000000e+08 2.249982e-06 2.706647e+06 1.466238e+04
2.990000e+08 2.292324e-06 2.768778e+06 1.470322e+04
2.980000e+08 2.335203e-06 2.832038e+06 1.474415e+04
2.970000e+08 2.378728e-06 2.896456e+06 1.478493e+04
2.960000e+08 2.422993e-06 2.962101e+06 1.482544e+04
2.950000e+08 2.467939e-06 3.028934e+06 1.486573e+04
2.940000e+08 2.513496e-06 3.096959e+06 1.490600e+04
2.930000e+08 2.559677e-06 3.166212e+06 1.494627e+04
2.920000e+08 2.606492e-06 3.236701e+06 1.498651e+04
2.910000e+08 2.653892e-06 3.308454e+06 1.502687e+04
2.900000e+08 2.701797e-06 3.381472e+06 1.506753e+04
2.890000e+08 2.750304e-06 3.455793e+06 1.510830e+04
2.880000e+08 2.799560e-06 3.531466e+06 1.514890e+04
2.870000e+08 2.849571e-06 3.608547e+06 1.518943e+04
2.860000e+08 2.900262e-06 3.687061e+06 1.523009e+04
2.850000e+08 2.951625e-06 3.767030e+06 1.527089e+04
2.840000e+08 3.003719e-06 3.848468e+06 1.531171e+04
2.830000e+08 3.056579e-06 3.931400e+06 1.535252e+04
2.820000e+08 3.110189e-06 4.015822e+06 1.539329e+04
2.810000e+08 3.164558e-06 4.101708e+06 1.543394e+04
2.800000e+08 3.219704e-06 4.189079e+06 1.547446e+04
2.790000e+08 3.275555e-06 4.277887e+06 1.551488e+04
2.780000e+08 3.332111e-06 4.368173e+06 1.555526e+04
2.770000e+08 3.389462e-06 4.460010e+06 1.559554e+04
2.760000e+08 3.447677e-06 4.553404e+06 1.563555e+04
2.750000e+08 3.506774e-06 4.648470e+06 1.567546e+04
2.740000e+08 3.566646e-06 4.745208e+06 1.571546e+04
2.730000e+08 3.627249e-06 4.843626e+06 1.575562e+04
2.720000e+08 3.688609e-06 4.943702e+06 1.579584e+04
2.710000e+08 3.750797e-06 5.045474e+06 1.583600e+04
2.700000e+08 3.813863e-06 5.148970e+06 1.587605e+04
2.690000e+08 3.877820e-06 5.254231e+06 1.591600e+04
2.680000e+08 3.942604e-06 5.361324e+06 1.595605e+04
2.670000e+08 4.008074e-06 5.470190e+06 1.599633e+04
2.660000e+08 4.074244e-06 5.580804e+06 1.603676e+04
2.650000e+08 4.141185e-06 5.693205e+06 1.607724e+04
2.640000e+08 4.208847e-06 5.807404e+06 1.611786e+04
2.630000e+08 4.277237e-06 5.923458e+06 1.615864e+04
2.620000e+08 4.346451e-06 6.041384e+06 1.619944e+04
2.610000e+08 4.416615e-06 6.161208e+06 1.624008e+04
2.600000e+08 4.487773e-06 6.282955e+06 1.628051e+04
2.590000e+08 4.559884e-06 6.406610e+06 1.632075e+04
2.580000e+08 4.632895e-06 6.532128e+06 1.636084e+04
2.570000e+08 4.706864e-06 6.659653e+06 1.640083e+04
2.560000e+08 4.781794e-06 6.789244e+06 1.644078e+04
2.550000e+08 4.857657e-06 6.920986e+06 1.648081e+04
2.540000e+08 4.934420e-06 7.054830e+06 1.652089e+04
2.530000e+08 5.012160e-06 7.190768e+06 1.656088e+04
2.520000e+08 5.090859e-06 7.328740e+06 1.660074e+04
2.510000e+08 5.170449e-06 7.468797e+06 1.664059e+04
2.500000e+08 5.250903e-06 7.611099e+06 1.668065e+04
2.490000e+08 5.332234e-06 7.755759e+06 1.672098e+04
2.480000e+08 5.414463e-06 7.902791e+06 1.676154e+04
2.470000e+08 5.497691e-06 8.052188e+06 1.680216e+04
2.460000e+08 5.581963e-06 8.203922e+06 1.684274e+04
2.450000e+08 5.667291e-06 8.358080e+06 1.688333e+04
2.440000e+08 5.753614e-06 8.514587e+06 1.692392e+04
2.430000e+08 5.840886e-06 8.673412e+06 1.696451e+04
2.420000e+08 5.929038e-06 8.834601e+06 1.700523e+04
2.410000e+08 6.018098e-06 8.998280e+06 1.704612e+04
2.400000e+08 6.108117e-06 9.164425e+06 1.708710e+04
2.390000e+08 6.199189e-06 9.333077e+06 1.712806e+04
2.380000e+08 6.291333e-06 9.504268e+06 1.716899e+04
2.370000e+08 6.384535e-06 9.678011e+06 1.720991e+04
2.360000e+08 6.478808e-06 9.854313e+06 1.725080e+04
2.350000e+08 6.574252e-06 1.003326e+07 1.729160e+04
2.340000e+08 6.670862e-06 1.021488e+07 1.733232e+04
2.330000e+08 6.768587e-06 1.039924e+07 1.737308e+04
2.320000e+08 6.867456e-06 1.058640e+07 1.741386e+04
2.310000e+08 6.967522e-06 1.077635e+07 1.745458e+04
2.300000e+08 7.068702e-06 1.096902e+07 1.749528e+04
2.290000e+08 7.170906e-06 1.116452e+07 1.753610e+04
2.280000e+08 7.273999e-06 1.136288e+07 1.757721e+04
2.270000e+08 7.377909e-06 1.156408e+07 1.761862e+04
2.260000e+08 7.482713e-06 1.176803e+07 1.766018e+04
2.250000e+08 7.588553e-06 1.197466e+07 1.770167e+04
2.240000e+08 7.695488e-06 1.218409e+07 1.774310e+04
2.230000e+08 7.803488e-06 1.239641e+07 1.778457e+04
2.220000e+08 7.912608e-06 1.261169e+07 1.782604e+04
2.210000e+08 8.023042e-06 1.283005e+07 1.786741e+04
2.200000e+08 8.134805e-06 1.305144e+07 1.790860e+04
2.190000e+08 8.247759e-06 1.327586e+07 1.794975e+04
2.180000e+08 8.361792e-06 1.350340e+07 1.799103e+04
2.170000e+08 8.476878e-06 1.373406e+07 1.803240e+04
2.160000e+08 8.593182e-06 1.396782e+07 1.807372e+04
2.150000e+08 8.710827e-06 1.420472e+07 1.811488e+04
2.140000e+08 8.829827e-06 1.444482e+07 1.815587e+04
2.130000e+08 8.950134e-06 1.468814e+07 1.819678e+04
2.120000e+08 9.071655e-06 1.493473e+07 1.823770e+04
2.110000e+08 9.194397e-06 1.518468e+07 1.827866e+04
2.100000e+08 9.318363e-06 1.543792e+07 1.831960e+04
2.090000e+08 9.443609e-06 1.569453e+07 1.836052e+04
2.080000e+08 9.570009e-06 1.595453e+07 1.840151e+04
2.070000e+08 9.697509e-06 1.621796e+07 1.844263e+04
2.060000e+08 9.826207e-06 1.648482e+07 1.848379e+04
2.050000e+08 9.956291e-06 1.675532e+07 1.852492e+04
2.040000e+08 1.008778e-05 1.702941e+07 1.856599e+04
2.030000e+08 1.022056e-05 1.730706e+07 1.860706e+04
2.020000e+08 1.035447e-05 1.758832e+07 1.864825e+04
2.010000e+08 1.048946e-05 1.787324e+07 1.868963e+04
2.000000e+08 1.062554e-05 1.816180e+07 1.873117e+04
1.990000e+08 1.076291e-05 1.845409e+07 1.877273e+04
1.980000e+08 1.090164e-05 1.875003e+07 1.881422e+04
1.970000e+08 1.104169e-05 1.904960e+07 1.885564e+04
1.960000e+08 1.118307e-05 1.935293e+07 1.889704e+04
1.950000e+08 1.132583e-05 1.966013e+07 1.893843e+04
1.940000e+08 1.147000e-05 1.997117e+07 1.897977e+04
1.930000e+08 1.161563e-05 2.028615e+07 1.902106e+04
1.920000e+08 1.176274e-05 2.060512e+07 1.906229e+04
1.910000e+08 1.191125e-05 2.092812e+07 1.910349e+04
1.900000e+08 1.206124e-05 2.125524e+07 1.914470e+04
1.890000e+08 1.221270e-05 2.158650e+07 1.918590e+04
1.880000e+08 1.236556e-05 2.192184e+07 1.922709e+04
1.870000e+08 1.251976e-05 2.226140e+07 1.926837e+04
1.860000e+08 1.267532e-05 2.260533e+07 1.930979e+04
1.850000e+08 1.283233e-05 2.295372e+07 1.935130e+04
1.840000e+08 1.299080e-05 2.330655e+07 1.939287e+04
1.830000e+08 1.315076e-05 2.366380e+07 1.943447e+04
1.820000e+08 1.331220e-05 2.402557e+07 1.947613e+04
1.810000e+08 1.347508e-05 2.439194e+07 1.951788e+04
1.800000e+08 1.363938e-05 2.476288e+07 1.955974e+04
1.790000e+08 1.380525e-05 2.513846e+07 1.960160e+04
1.780000e+08 1.397271e-05 2.551869e+07 1.964346e+04
1.770000e+08 1.414168e-05 2.590361e+07 1.968538e+04
1.760000e+08 1.431204e-05 2.629322e+07 1.972741e+04
1.750000e+08 1.448372e-05 2.668746e+07 1.976954e+04
1.740000e+08 1.465684e-05 2.708630e+07 1.981170e+04
1.730000e+08 1.483158e-05 2.748995e+07 1.985384e+04
1.720000e+08 1.500799e-05 2.789855e+07 1.989595e+04
1.710000e+08 1.518599e-05 2.831216e+07 1.993814e+04
1.700000e+08 1.536533e-05 2.873072e+07 1.998049e+04
1.690000e+08 1.554596e-05 2.915427e+07 2.002304e+04
1.680000e+08 1.572797e-05 2.958279e+07 2.006570e+04
1.670000e+08 1.591144e-05 3.001625e+07 2.010842e+04
1.660000e+08 1.609641e-05 3.045468e+07 2.015118e+04
1.650000e+08 1.628287e-05 3.089823e+07 2.019401e+04
1.640000e+08 1.647090e-05 3.134708e+07 2.023691e+04
1.630000e+08 1.666054e-05 3.180125e+07 2.027987e+04
1.620000e+08 1.685178e-05 3.226069e+07 2.032286e+04
1.610000e+08 1.704461e-05 3.272538e+07 2.036588e+04
1.600000e+08 1.723900e-05 3.319532e+07 2.040891e+04
1.590000e+08 1.743491e-05 3.367050e+07 2.045198e+04
1.580000e+08 1.763240e-05 3.415105e+07 2.049509e+04
1.570000e+08 1.783140e-05 3.463691e+07 2.053824e+04
1.560000e+08 1.803187e-05 3.512812e+07 2.058145e+04
1.550000e+08 1.823396e-05 3.562482e+07 2.062469e+04
1.540000e+08 1.843773e-05 3.612700e+07 2.066790e+04
1.530000e+08 1.864317e-05 3.663466e+07 2.071111e+04
1.520000e+08 1.885018e-05 3.714784e+07 2.075433e+04
1.510000e+08 1.905891e-05 3.766668e+07 2.079753e+04
1.500000e+08 1.926944e-05 3.819129e+07 2.084070e+04
1.490000e+08 1.948177e-05 3.872172e+07 2.088385e+04
1.480000e+08 1.969574e-05 3.925796e+07 2.092706e+04
1.470000e+08 1.991126e-05 3.979999e+07 2.097033e+04
1.460000e+08 2.012830e-05 4.034780e+07 2.101367e+04
1.450000e+08 2.034703e-05 4.090153e+07 2.105705e+04
1.440000e+08 2.056748e-05 4.146126e+07 2.110044e+04
1.430000e+08 2.078975e-05 4.202719e+07 2.114384e+04
1.420000e+08 2.101391e-05 4.259944e+07 2.118725e+04
1.410000e+08 2.123992e-05 4.317799e+07 2.123067e+04
1.400000e+08 2.146762e-05 4.376282e+07 2.127417e+04
1.390000e+08 2.169689e-05 4.435394e+07 2.131779e+04
1.380000e+08 2.192772e-05 4.495128e+07 2.136150e+04
1.370000e+08 2.216014e-05 4.555490e+07 2.140530e+04
1.360000e+08 2.239429e-05 4.616482e+07 2.144912e+04
1.350000e+08 2.263027e-05 4.678116e+07 2.149293e+04
1.340000e+08 2.286803e-05 4.740392e+07 2.153675e+04
1.330000e+08 2.310748e-05 4.803313e+07 2.158065e+04
1.320000e+08 2.334874e-05 4.866880e+07 2.162453e+04
1.310000e+08 2.359185e-05 4.931110e+07 2.166841e+04
1.300000e+08 2.383680e-05 4.996007e+07 2.171230e+04
1.290000e+08 2.408352e-05 5.061582e+07 2.175625e+04
1.280000e+08 2.433206e-05 5.127856e+07 2.180028e+04
1.270000e+08 2.458230e-05 5.194823e+07 2.184442e+04
1.260000e+08 2.483427e-05 5.262470e+07 2.188861e+04
1.250000e+08 2.508795e-05 5.330814e+07 2.193289e+04
1.240000e+08 2.534343e-05 5.399860e+07 2.197722e+04
1.230000e+08 2.560074e-05 5.469608e+07 2.202161e+04
1.220000e+08 2.586006e-05 5.540059e+07 2.206593e+04
1.210000e+08 2.612141e-05 5.611230e+07 2.211025e+04
1.200000e+08 2.638465e-05 5.683120e+07 2.215457e+04
1.190000e+08 2.664967e-05 5.755735e+07 2.219898e+04
1.180000e+08 2.691647e-05 5.829090e+07 2.224349e+04
1.170000e+08 2.718519e-05 5.903199e+07 2.228806e+04
1.160000e+08 2.745578e-05 5.978054e+07 2.233270e+04
1.150000e+08 2.772811e-05 6.053653e+07 2.237741e+04
1.140000e+08 2.800205e-05 6.130016e+07 2.242229e+04
1.130000e+08 2.827775e-05 6.207141e+07 2.246728e+04
1.120000e+08 2.855523e-05 6.285030e+07 2.251236e+04
1.110000e+08 2.883443e-05 6.363672e+07 2.255753e+04
1.100000e+08 2.911538e-05 6.443089e+07 2.260279e+04
1.090000e+08 2.939808e-05 6.523280e+07 2.264817e+04
1.080000e+08 2.968262e-05 6.604252e+07 2.269362e+04
1.070000e+08 2.996899e-05 6.686008e+07 2.273912e+04
1.060000e+08 3.025747e-05 6.768577e+07 2.278462e+04
1.050000e+08 3.054796e-05 6.851938e+07 2.283014e+04
1.040000e+08 3.084044e-05 6.936090e+07 2.287565e+04
1.030000e+08 3.113459e-05 7.021010e+07 2.292123e+04
1.020000e+08 3.143066e-05 7.106752e+07 2.296687e+04
1.010000e+08 3.172868e-05 7.193324e+07 2.301258e+04
1.000000e+08 3.202867e-05 7.280732e+07 2.305834e+04
9.900000e+07 3.233045e-05 7.368962e+07 2.310419e+04
9.800000e+07 3.263400e-05 7.458029e+07 2.315016e+04
9.700000e+07 3.293934e-05 7.547913e+07 2.319619e+04
9.600000e+07 3.324654e-05 7.638634e+07 2.324229e+04
9.500000e+07 3.355573e-05 7.730185e+07 2.328839e+04
9.400000e+07 3.386703e-05 7.822603e+07 2.333451e+04
9.300000e+07 3.418036e-05 7.915874e+07 2.338064e+04
9.200000e+07 3.449574e-05 8.010020e+07 2.342681e+04
9.100000e+07 3.481303e-05 8.105012e+07 2.347302e+04
9.000000e+07 3.513230e-05 8.200874e+07 2.351926e+04
8.900000e+07 3.545335e-05 8.297591e+07 2.356558e+04
8.800000e+07 3.577647e-05 8.395198e+07 2.361191e+04
8.700000e+07 3.610146e-05 8.493678e+07 2.365832e+04
8.600000e+07 3.642852e-05 8.593070e+07 2.370477e+04
8.500000e+07 3.675750e-05 8.693342e+07 2.375124e+04
8.400000e+07 3.708852e-05 8.794522e+07 2.379777e+04
8.300000e+07 3.742147e-05 8.896574e+07 2.384431e+04
8.200000e+07 3.775636e-05 8.999543e+07 2.389092e+04
8.100000e+07 3.809324e-05 9.103407e+07 2.393755e+04
8.000000e+07 3.843218e-05 9.208202e+07 2.398422e+04
7.900000e+07 3.877322e-05 9.313911e+07 2.403089e+04
7.800000e+07 3.911646e-05 9.420580e+07 2.407756e+04
7.700000e+07 3.946167e-05 9.528185e+07 2.412432e+04
7.600000e+07 3.980897e-05 9.636755e+07 2.417110e+04
7.500000e+07 4.015809e-05 9.746250e+07 2.421801e+04
7.400000e+07 4.050924e-05 9.856724e+07 2.426496e+04
7.300000e+07 4.086222e-05 9.968138e+07 2.431200e+04
7.200000e+07 4.121726e-05 1.008054e+08 2.435910e+04
7.100000e+07 4.157436e-05 1.019389e+08 2.440621e+04
7.000000e+07 4.193365e-05 1.030825e+08 2.445338e+04
6.900000e+07 4.229509e-05 1.042358e+08 2.450053e+04
6.800000e+07 4.265869e-05 1.053993e+08 2.454772e+04
6.700000e+07 4.302439e-05 1.065725e+08 2.459495e+04
6.600000e+07 4.339241e-05 1.077563e+08 2.464221e+04
6.500000e+07 4.376240e-05 1.089502e+08 2.468956e+04
6.400000e+07 4.413457e-05 1.101547e+08 2.473697e+04
6.300000e+07 4.450860e-05 1.113693e+08 2.478450e+04
6.200000e+07 4.488468e-05 1.125944e+08 2.483212e+04
6.100000e+07 4.526273e-05 1.138296e+08 2.487978e+04
6.000000e+07 4.564285e-05 1.150754e+08 2.492754e+04
5.900000e+07 4.602505e-05 1.163314e+08 2.497529e+04
5.800000e+07 4.640939e-05 1.175981e+08 2.502312e+04
5.700000e+07 4.679566e-05 1.188749e+08 2.507099e+04
5.600000e+07 4.718417e-05 1.201628e+08 2.511892e+04
5.500000e+07 4.757474e-05 1.214612e+08 2.516691e+04
5.400000e+07 4.796778e-05 1.227707e+08 2.521490e+04
5.300000e+07 4.836288e-05 1.240908e+08 2.526292e+04
5.200000e+07 4.876008e-05 1.254220e+08 2.531103e+04
5.100000e+07 4.915908e-05 1.267636e+08 2.535920e+04
5.000000e+07 4.955999e-05 1.281165e+08 2.540753e+04
4.900000e+07 4.996290e-05 1.294800e+08 2.545589e+04
4.800000e+07 5.036801e-05 1.308550e+08 2.550434e+04
4.700000e+07 5.077512e-05 1.322409e+08 2.555285e+04
4.600000e+07 5.118463e-05 1.336385e+08 2.560137e+04
4.500000e+07 5.159615e-05 1.350471e+08 2.564997e+04
4.400000e+07 5.201007e-05 1.364672e+08 2.569857e+04
4.300000e+07 5.242610e-05 1.378982e+08 2.574717e+04
4.200000e+07 5.284442e-05 1.393412e+08 2.579585e+04
4.100000e+07 5.326486e-05 1.407955e+08 2.584455e+04
4.000000e+07 5.368736e-05 1.422617e+08 2.589340e+04
3.900000e+07 5.411173e-05 1.437391e+08 2.594230e+04
3.800000e+07 5.453833e-05 1.452289e+08 2.599130e+04
3.700000e+07 5.496689e-05 1.467300e+08 2.604037e+04
3.600000e+07 5.539773e-05 1.482432e+08 2.608951e+04
3.500000e+07 5.583046e-05 1.497680e+08 2.613873e+04
3.400000e+07 5.626539e-05 1.513053e+08 2.618806e+04
3.300000e+07 5.670256e-05 1.528542e+08 2.623738e+04
3.200000e+07 5.714198e-05 1.544157e+08 2.628681e+04
3.100000e+07 5.758337e-05 1.559890e+08 2.633626e+04
3.000000e+07 5.802696e-05 1.575749e+08 2.638581e+04
2.900000e+07 5.847249e-05 1.591723e+08 2.643543e+04
2.800000e+07 5.892059e-05 1.607824e+08 2.648501e+04
2.700000e+07 5.937093e-05 1.624043e+08 2.653460e+04
2.600000e+07 5.982362e-05 1.640391e+08 2.658425e+04
2.500000e+07 6.027842e-05 1.656857e+08 2.663389e+04
2.400000e+07 6.073536e-05 1.673453e+08 2.668367e+04
2.300000e+07 6.119437e-05 1.690169e+08 2.673345e+04
2.200000e+07 6.165577e-05 1.707017e+08 2.678329e+04
2.100000e+07 6.211911e-05 1.723985e+08 2.683320e+04
2.000000e+07 6.258476e-05 1.741086e+08 2.688318e+04
1.900000e+07 6.305242e-05 1.758312e+08 2.693322e+04
1.800000e+07 6.352238e-05 1.775672e+08 2.698335e+04
1.700000e+07 6.399459e-05 1.793157e+08 2.703347e+04
1.600000e+07 6.446902e-05 1.810776e+08 2.708369e+04
1.500000e+07 6.494556e-05 1.828524e+08 2.713395e+04
1.400000e+07 6.542439e-05 1.846407e+08 2.718426e+04
1.300000e+07 6.590525e-05 1.864418e+08 2.723467e+04
1.200000e+07 6.638838e-05 1.882565e+08 2.728514e+04
1.100000e+07 6.687365e-05 1.900842e+08 2.733562e+04
1.000000e+07 6.736105e-05 1.919255e+08 2.738623e+04
9.000000e+06 6.785078e-05 1.937799e+08 2.743682e+04
8.000000e+06 6.834256e-05 1.956479e+08 2.748751e+04
7.000000e+06 6.883643e-05 1.975293e+08 2.753829e+04
6.000000e+06 6.933237e-05 1.994242e+08 2.758912e+04
5.000000e+06 6.983046e-05 2.013328e+08 2.764003e+04
4.000000e+06 7.033035e-05 2.032550e+08 2.769109e+04
3.000000e+06 7.083276e-05 2.051915e+08 2.774215e+04
2.000000e+06 7.133662e-05 2.071417e+08 2.779345e+04
1.000000e+06 7.184334e-05 2.091075e+08 2.784477e+04
0.000000e+00 7.235090e-05 2.110872e+08 2.789642e+04
