4.990000e+08 1.162199e-09 2.225183e+02 2.867140e+03
4.980000e+08 1.235618e-09 2.393474e+02 2.907009e+03
4.970000e+08 1.361099e-09 2.634579e+02 2.907494e+03
4.960000e+08 1.494959e-09 2.878857e+02 2.898637e+03
4.950000e+08 1.639179e-09 3.148880e+02 2.897907e+03
4.940000e+08 1.794119e-09 3.447850e+02 2.904214e+03
4.930000e+08 1.961042e-09 3.777228e+02 2.914738e+03
4.920000e+08 2.141522e-09 4.139347e+02 2.927868e+03
4.910000e+08 2.337064e-09 4.537010e+02 2.942810e+03
4.900000e+08 2.548948e-09 4.973117e+02 2.959189e+03
4.890000e+08 2.778302e-09 5.450604e+02 2.976808e+03
4.880000e+08 3.026161e-09 5.972313e+02 2.995531e+03
4.870000e+08 3.293752e-09 6.541654e+02 3.015290e+03
4.860000e+08 3.582654e-09 7.162847e+02 3.036016e+03
4.850000e+08 3.894690e-09 7.840635e+02 3.057623e+03
4.840000e+08 4.231703e-09 8.579919e+02 3.080036e+03
4.830000e+08 4.595606e-09 9.385710e+02 3.103138e+03
4.820000e+08 4.988498e-09 1.026323e+03 3.126743e+03
4.810000e+08 5.412584e-09 1.121788e+03 3.150652e+03
4.800000e+08 5.870128e-09 1.225515e+03 3.174674e+03
4.790000e+08 6.363700e-09 1.338130e+03 3.198637e+03
4.780000e+08 6.896305e-09 1.460338e+03 3.222353e+03
4.770000e+08 7.471182e-09 1.592884e+03 3.245625e+03
4.760000e+08 8.091900e-09 1.736566e+03 3.268281e+03
4.750000e+08 8.762393e-09 1.892247e+03 3.290178e+03
4.740000e+08 9.487199e-09 2.060941e+03 3.311234e+03
4.730000e+08 1.027103e-08 2.243705e+03 3.331392e+03
4.720000e+08 1.111868e-08 2.441623e+03 3.350625e+03
4.710000e+08 1.203501e-08 2.655817e+03 3.368934e+03
4.700000e+08 1.302576e-08 2.887648e+03 3.386371e+03
4.690000e+08 1.409708e-08 3.138588e+03 3.402990e+03
4.680000e+08 1.525540e-08 3.410173e+03 3.418840e+03
4.670000e+08 1.650758e-08 3.704051e+03 3.433967e+03
4.660000e+08 1.786027e-08 4.021791e+03 3.448375e+03
4.650000e+08 1.932191e-08 4.365400e+03 3.462119e+03
4.640000e+08 2.090138e-08 4.737043e+03 3.475284e+03
4.630000e+08 2.260748e-08 5.138948e+03 3.487972e+03
4.620000e+08 2.445099e-08 5.573647e+03 3.500188e+03
4.610000e+08 2.644294e-08 6.043599e+03 3.511861e+03
4.600000e+08 2.859361e-08 6.551227e+03 3.523001e+03
4.590000e+08 3.091585e-08 7.100021e+03 3.533831e+03
4.580000e+08 3.342328e-08 7.694003e+03 3.544623e+03
4.570000e+08 3.613244e-08 8.337499e+03 3.555468e+03
4.560000e+08 3.906255e-08 9.034533e+03 3.566146e+03
4.550000e+08 4.223308e-08 9.789192e+03 3.576510e+03
4.540000e+08 4.566516e-08 1.060637e+04 3.586585e+03
4.530000e+08 4.938117e-08 1.149157e+04 3.596442e+03
4.520000e+08 5.340618e-08 1.245040e+04 3.606008e+03
4.510000e+08 5.777055e-08 1.348926e+04 3.615180e+03
4.500000e+08 6.250161e-08 1.461421e+04 3.623923e+03
4.490000e+08 6.762446e-08 1.583107e+04 3.632239e+03
4.480000e+08 7.316756e-08 1.714750e+04 3.640283e+03
4.470000e+08 7.915790e-08 1.857180e+04 3.648355e+03
4.460000e+08 8.562667e-08 2.011348e+04 3.656773e+03
4.450000e+08 9.260031e-08 2.178104e+04 3.665697e+03
4.440000e+08 1.001028e-07 2.358340e+04 3.675241e+03
4.430000e+08 1.081544e-07 2.553010e+04 3.685620e+03
4.420000e+08 1.167759e-07 2.763182e+04 3.697113e+03
4.410000e+08 1.259804e-07 2.989921e+04 3.710011e+03
4.400000e+08 1.357675e-07 3.233938e+04 3.724427e+03
4.390000e+08 1.461484e-07 3.496313e+04 3.740502e+03
4.380000e+08 1.571569e-07 3.778220e+04 3.758038e+03
4.370000e+08 1.688243e-07 4.081045e+04 3.777105e+03
4.360000e+08 1.811730e-07 4.405885e+04 3.797579e+03
4.350000e+08 1.942166e-07 4.753683e+04 3.819364e+03
4.340000e+08 2.079703e-07 5.125689e+04 3.842584e+03
4.330000e+08 2.224359e-07 5.523055e+04 3.867427e+03
4.320000e+08 2.376124e-07 5.946802e+04 3.893969e+03
4.310000e+08 2.535098e-07 6.398274e+04 3.922264e+03
4.300000e+08 2.701222e-07 6.878556e+04 3.952398e+03
4.290000e+08 2.874388e-07 7.388587e+04 3.984416e+03
4.280000e+08 3.054437e-07 7.929258e+04 4.018363e+03
4.270000e+08 3.241316e-07 8.501991e+04 4.054406e+03
4.260000e+08 3.434865e-07 9.108108e+04 4.092739e+03
4.250000e+08 3.634631e-07 9.748305e+04 4.133540e+03
4.240000e+08 3.840059e-07 1.042307e+05 4.176992e+03
4.230000e+08 4.050698e-07 1.113334e+05 4.223324e+03
4.220000e+08 4.266000e-07 1.188001e+05 4.272825e+03
4.210000e+08 4.485205e-07 1.266361e+05 4.325812e+03
4.200000e+08 4.707433e-07 1.348429e+05 4.382576e+03
4.190000e+08 4.931723e-07 1.434184e+05 4.443364e+03
4.180000e+08 5.157306e-07 1.523657e+05 4.508409e+03
4.170000e+08 5.383541e-07 1.616901e+05 4.577914e+03
4.160000e+08 5.609846e-07 1.713952e+05 4.651982e+03
4.150000e+08 5.835610e-07 1.814783e+05 4.730595e+03
4.140000e+08 6.060127e-07 1.919288e+05 4.813618e+03
4.130000e+08 6.283006e-07 2.027425e+05 4.900888e+03
4.120000e+08 6.504158e-07 2.139235e+05 4.992246e+03
4.110000e+08 6.723278e-07 2.254636e+05 5.087440e+03
4.100000e+08 6.940092e-07 2.373569e+05 5.186302e+03
4.090000e+08 7.154097e-07 2.495939e+05 5.288793e+03
4.080000e+08 7.364683e-07 2.621698e+05 5.395127e+03
4.070000e+08 7.571230e-07 2.750930e+05 5.505850e+03
4.060000e+08 7.772360e-07 2.883555e+05 5.621744e+03
4.050000e+08 7.966314e-07 3.019428e+05 5.743847e+03
4.040000e+08 8.151555e-07 3.158539e+05 5.873388e+03
4.030000e+08 8.326514e-07 3.300766e+05 6.011431e+03
4.020000e+08 8.489975e-07 3.445847e+05 6.158504e+03
4.010000e+08 8.642382e-07 3.593688e+05 6.314125e+03
4.000000e+08 8.786132e-07 3.744397e+05 6.476462e+03
3.990000e+08 8.924708e-07 3.897949e+05 6.642317e+03
3.980000e+08 9.062288e-07 4.054553e+05 6.808218e+03
3.970000e+08 9.202126e-07 4.214212e+05 6.971131e+03
3.960000e+08 9.346351e-07 4.376853e+05 7.128995e+03
3.950000e+08 9.496744e-07 4.542655e+05 7.280721e+03
3.940000e+08 9.654742e-07 4.711875e+05 7.425721e+03
3.930000e+08 9.821028e-07 4.884658e+05 7.563808e+03
3.920000e+08 9.995648e-07 5.061152e+05 7.695305e+03
3.910000e+08 1.017836e-06 5.241371e+05 7.820567e+03
3.900000e+08 1.036897e-06 5.425388e+05 7.940001e+03
3.890000e+08 1.056729e-06 5.613289e+05 8.054046e+03
3.880000e+08 1.077333e-06 5.805394e+05 8.163338e+03
3.870000e+08 1.098691e-06 6.001972e+05 8.268491e+03
3.860000e+08 1.120771e-06 6.203077e+05 8.369885e+03
3.850000e+08 1.143516e-06 6.408786e+05 8.468015e+03
3.840000e+08 1.166854e-06 6.619006e+05 8.563284e+03
3.830000e+08 1.190747e-06 6.833702e+05 8.655925e+03
3.820000e+08 1.215215e-06 7.053049e+05 8.746055e+03
3.810000e+08 1.240346e-06 7.277187e+05 8.833370e+03
3.800000e+08 1.266159e-06 7.506284e+05 8.917931e+03
3.790000e+08 1.292571e-06 7.740461e+05 9.000391e+03
3.780000e+08 1.319539e-06 7.979752e+05 9.081099e+03
3.770000e+08 1.347090e-06 8.224249e+05 9.160012e+03
3.760000e+08 1.375267e-06 8.474056e+05 9.236985e+03
3.750000e+08 1.404145e-06 8.729736e+05 9.312091e+03
3.740000e+08 1.433760e-06 8.991555e+05 9.385388e+03
3.730000e+08 1.464082e-06 9.259657e+05 9.457146e+03
3.720000e+08 1.495114e-06 9.534118e+05 9.527456e+03
3.710000e+08 1.526844e-06 9.815006e+05 9.596408e+03
3.700000e+08 1.559112e-06 1.010224e+06 9.664679e+03
3.690000e+08 1.591826e-06 1.039597e+06 9.732836e+03
3.680000e+08 1.625119e-06 1.069628e+06 9.800239e+03
3.670000e+08 1.659096e-06 1.100309e+06 9.866238e+03
3.660000e+08 1.693735e-06 1.131643e+06 9.930962e+03
3.650000e+08 1.728994e-06 1.163652e+06 9.994805e+03
3.640000e+08 1.764884e-06 1.196337e+06 1.005770e+04
3.630000e+08 1.801497e-06 1.229749e+06 1.011958e+04
3.620000e+08 1.838844e-06 1.263909e+06 1.018051e+04
3.610000e+08 1.876883e-06 1.298808e+06 1.024057e+04
3.600000e+08 1.915605e-06 1.334419e+06 1.029961e+04
3.590000e+08 1.955024e-06 1.370738e+06 1.035754e+04
3.580000e+08 1.995115e-06 1.407809e+06 1.041474e+04
3.570000e+08 2.035866e-06 1.445671e+06 1.047149e+04
3.560000e+08 2.077226e-06 1.484304e+06 1.052782e+04
3.550000e+08 2.119250e-06 1.523752e+06 1.058375e+04
3.540000e+08 2.162006e-06 1.564028e+06 1.063907e+04
3.530000e+08 2.205505e-06 1.605137e+06 1.069373e+04
3.520000e+08 2.249697e-06 1.647090e+06 1.074795e+04
3.510000e+08 2.294598e-06 1.689902e+06 1.080169e+04
3.500000e+08 2.340209e-06 1.733517e+06 1.085466e+04
3.490000e+08 2.386530e-06 1.777939e+06 1.090686e+04
3.480000e+08 2.433533e-06 1.823214e+06 1.095858e+04
3.470000e+08 2.481190e-06 1.869392e+06 1.101012e+04
3.460000e+08 2.529599e-06 1.916502e+06 1.106130e+04
3.450000e+08 2.578938e-06 1.964577e+06 1.111166e+04
3.440000e+08 2.629245e-06 2.013673e+06 1.116133e+04
3.430000e+08 2.680419e-06 2.063773e+06 1.121052e+04
3.420000e+08 2.732431e-06 2.114847e+06 1.125917e+04
3.410000e+08 2.785315e-06 2.166892e+06 1.130714e+04
3.400000e+08 2.839052e-06 2.219889e+06 1.135442e+04
3.390000e+08 2.893627e-06 2.273881e+06 1.140120e+04
3.380000e+08 2.948875e-06 2.328886e+06 1.144801e+04
3.370000e+08 3.004621e-06 2.384888e+06 1.149521e+04
3.360000e+08 3.060857e-06 2.441850e+06 1.154266e+04
3.350000e+08 3.117788e-06 2.499782e+06 1.158979e+04
3.340000e+08 3.175684e-06 2.558778e+06 1.163621e+04
3.330000e+08 3.234611e-06 2.618861e+06 1.168183e+04
3.320000e+08 3.294522e-06 2.680070e+06 1.172688e+04
3.310000e+08 3.355401e-06 2.742471e+06 1.177161e+04
3.300000e+08 3.417251e-06 2.806092e+06 1.181608e+04
3.290000e+08 3.479988e-06 2.870881e+06 1.186030e+04
3.280000e+08 3.543583e-06 2.936836e+06 1.190431e+04
3.270000e+08 3.608061e-06 3.003970e+06 1.194807e+04
3.260000e+08 3.673513e-06 3.072354e+06 1.199156e+04
3.250000e+08 3.739935e-06 3.142032e+06 1.203490e+04
3.240000e+08 3.807241e-06 3.212984e+06 1.207819e+04
3.230000e+08 3.875467e-06 3.285223e+06 1.212135e+04
3.220000e+08 3.944619e-06 3.358720e+06 1.216428e+04
3.210000e+08 4.014680e-06 3.433463e+06 1.220695e+04
3.200000e+08 4.085764e-06 3.509519e+06 1.224927e+04
3.190000e+08 4.158003e-06 3.586998e+06 1.229125e+04
3.180000e+08 4.231304e-06 3.665869e+06 1.233298e+04
3.170000e+08 4.305558e-06 3.746144e+06 1.237468e+04
3.160000e+08 4.380861e-06 3.827975e+06 1.241650e+04
3.150000e+08 4.457213e-06 3.911330e+06 1.245832e+04
3.140000e+08 4.534567e-06 3.996101e+06 1.249995e+04
3.130000e+08 4.612893e-06 4.082263e+06 1.254135e+04
3.120000e+08 4.692119e-06 4.169745e+06 1.258250e+04
3.110000e+08 4.772414e-06 4.258684e+06 1.262338e+04
3.100000e+08 4.853893e-06 4.349179e+06 1.266398e+04
3.090000e+08 4.936561e-06 4.441236e+06 1.270429e+04
3.080000e+08 5.020321e-06 4.534781e+06 1.274432e+04
3.070000e+08 5.105097e-06 4.629810e+06 1.278417e+04
3.060000e+08 5.190930e-06 4.726442e+06 1.282397e+04
3.050000e+08 5.277851e-06 4.824720e+06 1.286374e+04
3.040000e+08 5.365872e-06 4.924637e+06 1.290342e+04
3.030000e+08 5.455072e-06 5.026240e+06 1.294295e+04
3.020000e+08 5.545481e-06 5.129576e+06 1.298235e+04
3.010000e+08 5.637041e-06 5.234635e+06 1.302167e+04
3.000000e+08 5.729707e-06 5.341356e+06 1.306085e+04
2.990000e+08 5.823564e-06 5.449758e+06 1.309979e+04
2.980000e+08 5.918765e-06 5.559937e+06 1.313841e+04
2.970000e+08 6.015338e-06 5.671968e+06 1.317677e+04
2.960000e+08 6.113118e-06 5.785825e+06 1.321506e+04
2.950000e+08 6.211973e-06 5.901490e+06 1.325342e+04
2.940000e+08 6.311967e-06 6.019032e+06 1.329181e+04
2.930000e+08 6.413153e-06 6.138510e+06 1.333026e+04
2.920000e+08 6.515522e-06 6.259922e+06 1.336872e+04
2.910000e+08 6.619075e-06 6.383228e+06 1.340714e+04
2.900000e+08 6.723891e-06 6.508499e+06 1.344548e+04
2.890000e+08 6.830091e-06 6.635858e+06 1.348375e+04
2.880000e+08 6.937669e-06 6.765281e+06 1.352189e+04
2.870000e+08 7.046523e-06 6.896676e+06 1.355991e+04
2.860000e+08 7.156633e-06 7.030060e+06 1.359782e+04
2.850000e+08 7.268088e-06 7.165514e+06 1.363562e+04
2.840000e+08 7.380868e-06 7.303018e+06 1.367328e+04
2.830000e+08 7.494961e-06 7.442639e+06 1.371088e+04
2.820000e+08 7.610369e-06 7.584371e+06 1.374841e+04
2.810000e+08 7.727153e-06 7.728228e+06 1.378578e+04
2.800000e+08 7.845357e-06 7.874210e+06 1.382295e+04
2.790000e+08 7.965016e-06 8.022352e+06 1.385991e+04
2.780000e+08 8.086161e-06 8.172700e+06 1.389666e+04
2.770000e+08 8.208774e-06 8.325282e+06 1.393324e+04
2.760000e+08 8.332820e-06 8.480140e+06 1.396973e+04
2.750000e+08 8.458310e-06 8.637408e+06 1.400624e+04
2.740000e+08 8.585233e-06 8.797087e+06 1.404276e+04
2.730000e+08 8.713622e-06 8.959192e+06 1.407925e+04
2.720000e+08 8.843520e-06 9.123769e+06 1.411572e+04
2.710000e+08 8.974938e-06 9.290844e+06 1.415215e+04
2.700000e+08 9.107893e-06 9.460428e+06 1.418852e+04
2.690000e+08 9.242451e-06 9.632570e+06 1.422480e+04
2.680000e+08 9.378613e-06 9.807258e+06 1.426097e+04
2.670000e+08 9.516314e-06 9.984479e+06 1.429706e+04
2.660000e+08 9.655551e-06 1.016430e+07 1.433312e+04
2.650000e+08 9.796332e-06 1.034679e+07 1.436918e+04
2.640000e+08 9.938660e-06 1.053198e+07 1.440526e+04
2.630000e+08 1.008255e-05 1.071989e+07 1.444134e+04
2.620000e+08 1.022801e-05 1.091045e+07 1.447736e+04
2.610000e+08 1.037502e-05 1.110372e+07 1.451333e+04
2.600000e+08 1.052359e-05 1.129971e+07 1.454927e+04
2.590000e+08 1.067387e-05 1.149856e+07 1.458516e+04
2.580000e+08 1.082583e-05 1.170024e+07 1.462097e+04
2.570000e+08 1.097945e-05 1.190479e+07 1.465672e+04
2.560000e+08 1.113473e-05 1.211224e+07 1.469244e+04
2.550000e+08 1.129178e-05 1.232268e+07 1.472812e+04
2.540000e+08 1.145056e-05 1.253609e+07 1.476372e+04
2.530000e+08 1.161102e-05 1.275252e+07 1.479933e+04
2.520000e+08 1.177314e-05 1.297205e+07 1.483500e+04
2.510000e+08 1.193684e-05 1.319466e+07 1.487075e+04
2.500000e+08 1.210208e-05 1.342032e+07 1.490658e+04
2.490000e+08 1.226884e-05 1.364903e+07 1.494248e+04
2.480000e+08 1.243723e-05 1.388080e+07 1.497837e+04
2.470000e+08 1.260752e-05 1.411577e+07 1.501412e+04
2.460000e+08 1.277982e-05 1.435397e+07 1.504971e+04
2.450000e+08 1.295404e-05 1.459546e+07 1.508520e+04
2.440000e+08 1.313009e-05 1.484030e+07 1.512067e+04
2.430000e+08 1.330796e-05 1.508846e+07 1.515611e+04
2.420000e+08 1.348779e-05 1.534003e+07 1.519147e+04
2.410000e+08 1.366960e-05 1.559500e+07 1.522673e+04
2.400000e+08 1.385326e-05 1.585327e+07 1.526188e+04
2.390000e+08 1.403879e-05 1.611492e+07 1.529698e+04
2.380000e+08 1.422617e-05 1.638006e+07 1.533207e+04
2.370000e+08 1.441538e-05 1.664872e+07 1.536716e+04
2.360000e+08 1.460646e-05 1.692092e+07 1.540223e+04
2.350000e+08 1.479944e-05 1.719669e+07 1.543730e+04
2.340000e+08 1.499431e-05 1.747607e+07 1.547234e+04
2.330000e+08 1.519122e-05 1.775919e+07 1.550733e+04
2.320000e+08 1.539023e-05 1.804611e+07 1.554228e+04
2.310000e+08 1.559132e-05 1.833686e+07 1.557718e+04
2.300000e+08 1.579446e-05 1.863145e+07 1.561206e+04
2.290000e+08 1.599960e-05 1.892988e+07 1.564693e+04
2.280000e+08 1.620665e-05 1.923211e+07 1.568179e+04
2.270000e+08 1.641561e-05 1.953817e+07 1.571667e+04
2.260000e+08 1.662653e-05 1.984818e+07 1.575157e+04
2.250000e+08 1.683954e-05 2.016226e+07 1.578648e+04
2.240000e+08 1.705471e-05 2.048047e+07 1.582137e+04
2.230000e+08 1.727210e-05 2.080288e+07 1.585623e+04
2.220000e+08 1.749155e-05 2.112939e+07 1.589110e+04
2.210000e+08 1.771296e-05 2.145990e+07 1.592596e+04
2.200000e+08 1.793635e-05 2.179451e+07 1.596083e+04
2.190000e+08 1.816180e-05 2.213331e+07 1.599570e+04
2.180000e+08 1.838937e-05 2.247634e+07 1.603055e+04
2.170000e+08 1.861919e-05 2.282370e+07 1.606537e+04
2.160000e+08 1.885126e-05 2.317541e+07 1.610013e+04
2.150000e+08 1.908556e-05 2.353146e+07 1.613482e+04
2.140000e+08 1.932212e-05 2.389181e+07 1.616944e+04
2.130000e+08 1.956108e-05 2.425659e+07 1.620394e+04
2.120000e+08 1.980245e-05 2.462592e+07 1.623836e+04
2.110000e+08 2.004614e-05 2.499986e+07 1.627276e+04
2.100000e+08 2.029211e-05 2.537838e+07 1.630714e+04
2.090000e+08 2.054040e-05 2.576154e+07 1.634149e+04
2.080000e+08 2.079104e-05 2.614938e+07 1.637581e+04
2.070000e+08 2.104392e-05 2.654194e+07 1.641014e+04
2.060000e+08 2.129902e-05 2.693929e+07 1.644452e+04
2.050000e+08 2.155637e-05 2.734154e+07 1.647895e+04
2.040000e+08 2.181602e-05 2.774866e+07 1.651339e+04
2.030000e+08 2.207808e-05 2.816065e+07 1.654779e+04
2.020000e+08 2.234252e-05 2.857753e+07 1.658216e+04
2.010000e+08 2.260932e-05 2.899942e+07 1.661654e+04
2.000000e+08 2.287849e-05 2.942638e+07 1.665092e+04
1.990000e+08 2.315007e-05 2.985831e+07 1.668527e+04
1.980000e+08 2.342413e-05 3.029530e+07 1.671957e+04
1.970000e+08 2.370069e-05 3.073742e+07 1.675382e+04
1.960000e+08 2.397971e-05 3.118475e+07 1.678806e+04
1.950000e+08 2.426115e-05 3.163741e+07 1.682233e+04
1.940000e+08 2.454502e-05 3.209551e+07 1.685666e+04
1.930000e+08 2.483130e-05 3.255908e+07 1.689106e+04
1.920000e+08 2.512003e-05 3.302814e+07 1.692549e+04
1.910000e+08 2.541126e-05 3.350266e+07 1.695993e+04
1.900000e+08 2.570503e-05 3.398263e+07 1.699433e+04
1.890000e+08 2.600144e-05 3.446814e+07 1.702869e+04
1.880000e+08 2.630051e-05 3.495925e+07 1.706302e+04
1.870000e+08 2.660216e-05 3.545598e+07 1.709732e+04
1.860000e+08 2.690639e-05 3.595843e+07 1.713164e+04
1.850000e+08 2.721317e-05 3.646661e+07 1.716597e+04
1.840000e+08 2.752244e-05 3.698050e+07 1.720032e+04
1.830000e+08 2.783429e-05 3.750018e+07 1.723466e+04
1.820000e+08 2.814879e-05 3.802572e+07 1.726899e+04
1.810000e+08 2.846597e-05 3.855719e+07 1.730330e+04
1.800000e+08 2.878588e-05 3.909463e+07 1.733759e+04
1.790000e+08 2.910848e-05 3.963805e+07 1.737187e+04
1.780000e+08 2.943370e-05 4.018748e+07 1.740614e+04
1.770000e+08 2.976163e-05 4.074301e+07 1.744040e+04
1.760000e+08 3.009235e-05 4.130475e+07 1.747464e+04
1.750000e+08 3.042589e-05 4.187277e+07 1.750887e+04
1.740000e+08 3.076219e-05 4.244716e+07 1.754312e+04
1.730000e+08 3.110119e-05 4.302790e+07 1.757739e+04
1.720000e+08 3.144292e-05 4.361505e+07 1.761168e+04
1.710000e+08 3.178749e-05 4.420863e+07 1.764593e+04
1.700000e+08 3.213497e-05 4.480872e+07 1.768016e+04
1.690000e+08 3.248520e-05 4.541530e+07 1.771441e+04
1.680000e+08 3.283812e-05 4.602842e+07 1.774868e+04
1.670000e+08 3.319378e-05 4.664813e+07 1.778296e+04
1.660000e+08 3.355226e-05 4.727442e+07 1.781723e+04
1.650000e+08 3.391379e-05 4.790739e+07 1.785144e+04
1.640000e+08 3.427850e-05 4.854717e+07 1.788557e+04
1.630000e+08 3.464628e-05 4.919381e+07 1.791965e+04
1.620000e+08 3.501703e-05 4.984738e+07 1.795370e+04
1.610000e+08 3.539079e-05 5.050795e+07 1.798777e+04
1.600000e+08 3.576756e-05 5.117558e+07 1.802182e+04
1.590000e+08 3.614735e-05 5.185026e+07 1.805585e+04
1.580000e+08 3.653009e-05 5.253206e+07 1.808988e+04
1.570000e+08 3.691567e-05 5.322102e+07 1.812395e+04
1.560000e+08 3.730417e-05 5.391734e+07 1.815808e+04
1.550000e+08 3.769573e-05 5.462107e+07 1.819221e+04
1.540000e+08 3.809040e-05 5.533215e+07 1.822632e+04
1.530000e+08 3.848815e-05 5.605064e+07 1.826042e+04
1.520000e+08 3.888897e-05 5.677673e+07 1.829455e+04
1.510000e+08 3.929271e-05 5.751031e+07 1.832871e+04
1.500000e+08 3.969949e-05 5.825139e+07 1.836286e+04
1.490000e+08 4.010939e-05 5.900000e+07 1.839701e+04
1.480000e+08 4.052243e-05 5.975631e+07 1.843115e+04
1.470000e+08 4.093862e-05 6.052036e+07 1.846527e+04
1.460000e+08 4.135804e-05 6.129230e+07 1.849939e+04
1.450000e+08 4.178068e-05 6.207221e+07 1.853352e+04
1.440000e+08 4.220658e-05 6.286015e+07 1.856764e+04
1.430000e+08 4.263576e-05 6.365605e+07 1.860174e+04
1.420000e+08 4.306826e-05 6.445994e+07 1.863581e+04
1.410000e+08 4.350405e-05 6.527193e+07 1.866987e+04
1.400000e+08 4.394316e-05 6.609225e+07 1.870394e+04
1.390000e+08 4.438561e-05 6.692093e+07 1.873802e+04
1.380000e+08 4.483130e-05 6.775794e+07 1.877210e+04
1.370000e+08 4.528029e-05 6.860335e+07 1.880617e+04
1.360000e+08 4.573261e-05 6.945727e+07 1.884027e+04
1.350000e+08 4.618830e-05 7.031979e+07 1.887439e+04
1.340000e+08 4.664730e-05 7.119094e+07 1.890851e+04
1.330000e+08 4.710961e-05 7.207070e+07 1.894264e+04
1.320000e+08 4.757530e-05 7.295923e+07 1.897678e+04
1.310000e+08 4.804444e-05 7.385665e+07 1.901096e+04
1.300000e+08 4.851694e-05 7.476305e+07 1.904515e+04
1.290000e+08 4.899271e-05 7.567834e+07 1.907937e+04
1.280000e+08 4.947182e-05 7.660262e+07 1.911362e+04
1.270000e+08 4.995435e-05 7.753590e+07 1.914789e+04
1.260000e+08 5.044039e-05 7.847836e+07 1.918215e+04
1.250000e+08 5.092992e-05 7.942990e+07 1.921642e+04
1.240000e+08 5.142290e-05 8.039071e+07 1.925069e+04
1.230000e+08 5.191937e-05 8.136076e+07 1.928496e+04
1.220000e+08 5.241939e-05 8.234008e+07 1.931923e+04
1.210000e+08 5.292288e-05 8.332855e+07 1.935347e+04
1.200000e+08 5.342994e-05 8.432649e+07 1.938771e+04
1.190000e+08 5.394062e-05 8.533390e+07 1.942194e+04
1.180000e+08 5.445497e-05 8.635101e+07 1.945616e+04
1.170000e+08 5.497300e-05 8.737781e+07 1.949038e+04
1.160000e+08 5.549464e-05 8.841444e+07 1.952463e+04
1.150000e+08 5.601972e-05 8.946077e+07 1.955890e+04
1.140000e+08 5.654838e-05 9.051706e+07 1.959318e+04
1.130000e+08 5.708084e-05 9.158327e+07 1.962745e+04
1.120000e+08 5.761714e-05 9.265964e+07 1.966169e+04
1.110000e+08 5.815723e-05 9.374618e+07 1.969594e+04
1.100000e+08 5.870103e-05 9.484298e+07 1.973021e+04
1.090000e+08 5.924841e-05 9.594995e+07 1.976450e+04
1.080000e+08 5.979949e-05 9.706725e+07 1.979881e+04
1.070000e+08 6.035416e-05 9.819474e+07 1.983313e+04
1.060000e+08 6.091249e-05 9.933268e+07 1.986746e+04
1.050000e+08 6.147449e-05 1.004810e+08 1.990182e+04
1.040000e+08 6.204031e-05 1.016401e+08 1.993619e+04
1.030000e+08 6.260991e-05 1.028099e+08 1.997058e+04
1.020000e+08 6.318340e-05 1.039906e+08 2.000498e+04
1.010000e+08 6.376072e-05 1.051821e+08 2.003938e+04
1.000000e+08 6.434206e-05 1.063846e+08 2.007379e+04
9.900000e+07 6.492727e-05 1.075979e+08 2.010818e+04
9.800000e+07 6.551643e-05 1.088223e+08 2.014257e+04
9.700000e+07 6.610936e-05 1.100577e+08 2.017697e+04
9.600000e+07 6.670618e-05 1.113044e+08 2.021141e+04
9.500000e+07 6.730670e-05 1.125622e+08 2.024587e+04
9.400000e+07 6.791113e-05 1.138315e+08 2.028036e+04
9.300000e+07 6.851932e-05 1.151120e+08 2.031489e+04
9.200000e+07 6.913138e-05 1.164041e+08 2.034944e+04
9.100000e+07 6.974721e-05 1.177077e+08 2.038401e+04
9.000000e+07 7.036700e-05 1.190228e+08 2.041859e+04
8.900000e+07 7.099073e-05 1.203495e+08 2.045318e+04
8.800000e+07 7.161867e-05 1.216881e+08 2.048778e+04
8.700000e+07 7.225066e-05 1.230384e+08 2.052237e+04
8.600000e+07 7.288667e-05 1.244008e+08 2.055696e+04
8.500000e+07 7.352678e-05 1.257750e+08 2.059156e+04
8.400000e+07 7.417098e-05 1.271614e+08 2.062618e+04
8.300000e+07 7.481925e-05 1.285599e+08 2.066079e+04
8.200000e+07 7.547162e-05 1.299707e+08 2.069543e+04
8.100000e+07 7.612810e-05 1.313937e+08 2.073008e+04
8.000000e+07 7.678881e-05 1.328293e+08 2.076472e+04
7.900000e+07 7.745358e-05 1.342771e+08 2.079937e+04
7.800000e+07 7.812262e-05 1.357377e+08 2.083405e+04
7.700000e+07 7.879576e-05 1.372108e+08 2.086874e+04
7.600000e+07 7.947323e-05 1.386970e+08 2.090345e+04
7.500000e+07 8.015483e-05 1.401959e+08 2.093818e+04
7.400000e+07 8.084074e-05 1.417078e+08 2.097291e+04
7.300000e+07 8.153063e-05 1.432324e+08 2.100766e+04
7.200000e+07 8.222471e-05 1.447701e+08 2.104245e+04
7.100000e+07 8.292274e-05 1.463207e+08 2.107725e+04
7.000000e+07 8.362503e-05 1.478845e+08 2.111209e+04
6.900000e+07 8.433149e-05 1.494614e+08 2.114694e+04
6.800000e+07 8.504224e-05 1.510518e+08 2.118182e+04
6.700000e+07 8.575720e-05 1.526555e+08 2.121672e+04
6.600000e+07 8.647639e-05 1.542727e+08 2.125162e+04
6.500000e+07 8.719997e-05 1.559032e+08 2.128652e+04
6.400000e+07 8.792790e-05 1.575476e+08 2.132145e+04
6.300000e+07 8.865992e-05 1.592057e+08 2.135640e+04
6.200000e+07 8.939605e-05 1.608777e+08 2.139141e+04
6.100000e+07 9.013617e-05 1.625636e+08 2.142649e+04
6.000000e+07 9.088071e-05 1.642637e+08 2.146160e+04
5.900000e+07 9.162966e-05 1.659775e+08 2.149669e+04
5.800000e+07 9.238331e-05 1.677054e+08 2.153177e+04
5.700000e+07 9.314135e-05 1.694472e+08 2.156682e+04
5.600000e+07 9.390387e-05 1.712034e+08 2.160188e+04
5.500000e+07 9.467072e-05 1.729738e+08 2.163696e+04
5.400000e+07 9.544203e-05 1.747587e+08 2.167205e+04
5.300000e+07 9.621782e-05 1.765578e+08 2.170714e+04
5.200000e+07 9.699813e-05 1.783717e+08 2.174227e+04
5.100000e+07 9.778290e-05 1.802000e+08 2.177739e+04
5.000000e+07 9.857224e-05 1.820432e+08 2.181252e+04
4.900000e+07 9.936610e-05 1.839011e+08 2.184764e+04
4.800000e+07 1.001647e-04 1.857743e+08 2.188278e+04
4.700000e+07 1.009678e-04 1.876624e+08 2.191794e+04
4.600000e+07 1.017755e-04 1.895658e+08 2.195312e+04
4.500000e+07 1.025875e-04 1.914841e+08 2.198831e+04
4.400000e+07 1.034043e-04 1.934179e+08 2.202351e+04
4.300000e+07 1.042257e-04 1.953669e+08 2.205871e+04
4.200000e+07 1.050518e-04 1.973315e+08 2.209393e+04
4.100000e+07 1.058825e-04 1.993115e+08 2.212916e+04
4.000000e+07 1.067180e-04 2.013073e+08 2.216440e+04
3.900000e+07 1.075580e-04 2.033186e+08 2.219965e+04
3.800000e+07 1.084026e-04 2.053459e+08 2.223494e+04
3.700000e+07 1.092518e-04 2.073889e+08 2.227025e+04
3.600000e+07 1.101057e-04 2.094481e+08 2.230557e+04
3.500000e+07 1.109644e-04 2.115233e+08 2.234090e+04
3.400000e+07 1.118280e-04 2.136149e+08 2.237624e+04
3.300000e+07 1.126960e-04 2.157225e+08 2.241159e+04
3.200000e+07 1.135688e-04 2.178467e+08 2.244700e+04
3.100000e+07 1.144462e-04 2.199872e+08 2.248241e+04
3.000000e+07 1.153285e-04 2.221444e+08 2.251785e+04
2.900000e+07 1.162155e-04 2.243180e+08 2.255330e+04
2.800000e+07 1.171073e-04 2.265085e+08 2.258875e+04
2.700000e+07 1.180039e-04 2.287156e+08 2.262422e+04
2.600000e+07 1.189054e-04 2.309397e+08 2.265972e+04
2.500000e+07 1.198115e-04 2.331806e+08 2.269522e+04
2.400000e+07 1.207227e-04 2.354388e+08 2.273073e+04
2.300000e+07 1.216385e-04 2.377140e+08 2.276628e+04
2.200000e+07 1.225593e-04 2.400066e+08 2.280185e+04
2.100000e+07 1.234848e-04 2.423165e+08 2.283744e+04
2.000000e+07 1.244152e-04 2.446441e+08 2.287306e+04
1.900000e+07 1.253507e-04 2.469892e+08 2.290869e+04
1.800000e+07 1.262910e-04 2.493521e+08 2.294435e+04
1.700000e+07 1.272362e-04 2.517326e+08 2.298002e+04
1.600000e+07 1.281864e-04 2.541309e+08 2.301570e+04
1.500000e+07 1.291414e-04 2.565469e+08 2.305140e+04
1.400000e+07 1.301013e-04 2.589810e+08 2.308712e+04
1.300000e+07 1.310660e-04 2.614332e+08 2.312287e+04
1.200000e+07 1.320357e-04 2.639036e+08 2.315865e+04
1.100000e+07 1.330104e-04 2.663924e+08 2.319446e+04
1.000000e+07 1.339898e-04 2.688996e+08 2.323030e+04
9.000000e+06 1.349742e-04 2.714252e+08 2.326614e+04
8.000000e+06 1.359636e-04 2.739692e+08 2.330202e+04
7.000000e+06 1.369581e-04 2.765320e+08 2.333792e+04
6.000000e+06 1.379575e-04 2.791132e+08 2.337383e+04
5.000000e+06 1.389621e-04 2.817136e+08 2.340976e+04
4.000000e+06 1.399714e-04 2.843327e+08 2.344572e+04
3.000000e+06 1.409864e-04 2.869716e+08 2.348169e+04
2.000000e+06 1.420055e-04 2.896290e+08 2.351773e+04
1.000000e+06 1.430307e-04 2.923073e+08 2.355379e+04
0.000000e+00 1.440592e-04 2.950044e+08 2.358999e+04
