4.990000e+08 2.844929e-10 4.104450e+01 2.388923e+03
4.980000e+08 3.002111e-10 4.474735e+01 2.426154e+03
4.970000e+08 3.253010e-10 4.960221e+01 2.458046e+03
4.960000e+08 3.536969e-10 5.427241e+01 2.472139e+03
4.950000e+08 3.869240e-10 5.962237e+01 2.484423e+03
4.940000e+08 4.240947e-10 6.542169e+01 2.493104e+03
4.930000e+08 4.656023e-10 7.182911e+01 2.500602e+03
4.920000e+08 5.116274e-10 7.888641e+01 2.507355e+03
4.910000e+08 5.626358e-10 8.668243e+01 2.513802e+03
4.900000e+08 6.190631e-10 9.529427e+01 2.520150e+03
4.890000e+08 6.813987e-10 1.048083e+02 2.526562e+03
4.880000e+08 7.501785e-10 1.153179e+02 2.533150e+03
4.870000e+08 8.260332e-10 1.269270e+02 2.539965e+03
4.860000e+08 9.096785e-10 1.397487e+02 2.547002e+03
4.850000e+08 1.001926e-09 1.539072e+02 2.554230e+03
4.840000e+08 1.103663e-09 1.695390e+02 2.561627e+03
4.830000e+08 1.215839e-09 1.867929e+02 2.569181e+03
4.820000e+08 1.339448e-09 2.058295e+02 2.576898e+03
4.810000e+08 1.475576e-09 2.268251e+02 2.584778e+03
4.800000e+08 1.625493e-09 2.499846e+02 2.592811e+03
4.790000e+08 1.790566e-09 2.755296e+02 2.600988e+03
4.780000e+08 1.972251e-09 3.037024e+02 2.609321e+03
4.770000e+08 2.172032e-09 3.347533e+02 2.617824e+03
4.760000e+08 2.391529e-09 3.689614e+02 2.626520e+03
4.750000e+08 2.632468e-09 4.066339e+02 2.635449e+03
4.740000e+08 2.896939e-09 4.481489e+02 2.644666e+03
4.730000e+08 3.187150e-09 4.939180e+02 2.654219e+03
4.720000e+08 3.505319e-09 5.443589e+02 2.664124e+03
4.710000e+08 3.853552e-09 5.998781e+02 2.674378e+03
4.700000e+08 4.234033e-09 6.609190e+02 2.685012e+03
4.690000e+08 4.649209e-09 7.279880e+02 2.696062e+03
4.680000e+08 5.101878e-09 8.016423e+02 2.707524e+03
4.670000e+08 5.595169e-09 8.824974e+02 2.719383e+03
4.660000e+08 6.132473e-09 9.712243e+02 2.731618e+03
4.650000e+08 6.717031e-09 1.068476e+03 2.744199e+03
4.640000e+08 7.352389e-09 1.174984e+03 2.757124e+03
4.630000e+08 8.042321e-09 1.291555e+03 2.770397e+03
4.620000e+08 8.790944e-09 1.419025e+03 2.783974e+03
4.610000e+08 9.602798e-09 1.558251e+03 2.797770e+03
4.600000e+08 1.048303e-08 1.710156e+03 2.811696e+03
4.590000e+08 1.143752e-08 1.875757e+03 2.825661e+03
4.580000e+08 1.247301e-08 2.056175e+03 2.839570e+03
4.570000e+08 1.359797e-08 2.252768e+03 2.853329e+03
4.560000e+08 1.482238e-08 2.467134e+03 2.866871e+03
4.550000e+08 1.615605e-08 2.700802e+03 2.880113e+03
4.540000e+08 1.760918e-08 2.955281e+03 2.892963e+03
4.530000e+08 1.919545e-08 3.232639e+03 2.905375e+03
4.520000e+08 2.093049e-08 3.535206e+03 2.917315e+03
4.510000e+08 2.283190e-08 3.865549e+03 2.928742e+03
4.500000e+08 2.491895e-08 4.226237e+03 2.939560e+03
4.490000e+08 2.721540e-08 4.620220e+03 2.949628e+03
4.480000e+08 2.974639e-08 5.050399e+03 2.958799e+03
4.470000e+08 3.254122e-08 5.520120e+03 2.966965e+03
4.460000e+08 3.563598e-08 6.033667e+03 2.974087e+03
4.450000e+08 3.907213e-08 6.596272e+03 2.980213e+03
4.440000e+08 4.288902e-08 7.212574e+03 2.985382e+03
4.430000e+08 4.713199e-08 7.888054e+03 2.989664e+03
4.420000e+08 5.185635e-08 8.629727e+03 2.993187e+03
4.410000e+08 5.712520e-08 9.445356e+03 2.996039e+03
4.400000e+08 6.302205e-08 1.034435e+04 2.998163e+03
4.390000e+08 6.965144e-08 1.133783e+04 2.999438e+03
4.380000e+08 7.711242e-08 1.243816e+04 3.000076e+03
4.370000e+08 8.546609e-08 1.366038e+04 3.000977e+03
4.360000e+08 9.475146e-08 1.502311e+04 3.003207e+03
4.350000e+08 1.049657e-07 1.653980e+04 3.007428e+03
4.340000e+08 1.161094e-07 1.822380e+04 3.013987e+03
4.330000e+08 1.281886e-07 2.008913e+04 3.023043e+03
4.320000e+08 1.412004e-07 2.214650e+04 3.034510e+03
4.310000e+08 1.551725e-07 2.440914e+04 3.048164e+03
4.300000e+08 1.701637e-07 2.689297e+04 3.063710e+03
4.290000e+08 1.862314e-07 2.961240e+04 3.080811e+03
4.280000e+08 2.034477e-07 3.258379e+04 3.099160e+03
4.270000e+08 2.218929e-07 3.582459e+04 3.118489e+03
4.260000e+08 2.416540e-07 3.935330e+04 3.138568e+03
4.250000e+08 2.628198e-07 4.318999e+04 3.159231e+03
4.240000e+08 2.854636e-07 4.735440e+04 3.180382e+03
4.230000e+08 3.096644e-07 5.186872e+04 3.201962e+03
4.220000e+08 3.355007e-07 5.675586e+04 3.223925e+03
4.210000e+08 3.630547e-07 6.204055e+04 3.246238e+03
4.200000e+08 3.924121e-07 6.774838e+04 3.268864e+03
4.190000e+08 4.236673e-07 7.390673e+04 3.291766e+03
4.180000e+08 4.569236e-07 8.054588e+04 3.314924e+03
4.170000e+08 4.922969e-07 8.770031e+04 3.338338e+03
4.160000e+08 5.298869e-07 9.540282e+04 3.362004e+03
4.150000e+08 5.697853e-07 1.036848e+05 3.385899e+03
4.140000e+08 6.120985e-07 1.125807e+05 3.410005e+03
4.130000e+08 6.569431e-07 1.221293e+05 3.434324e+03
4.120000e+08 7.044019e-07 1.323653e+05 3.458861e+03
4.110000e+08 7.545534e-07 1.433258e+05 3.483639e+03
4.100000e+08 8.075084e-07 1.550567e+05 3.508698e+03
4.090000e+08 8.633708e-07 1.676036e+05 3.534068e+03
4.080000e+08 9.222303e-07 1.810090e+05 3.559753e+03
4.070000e+08 9.841696e-07 1.953146e+05 3.585749e+03
4.060000e+08 1.049283e-06 2.105662e+05 3.612061e+03
4.050000e+08 1.117665e-06 2.268129e+05 3.638705e+03
4.040000e+08 1.189418e-06 2.441079e+05 3.665702e+03
4.030000e+08 1.264637e-06 2.625057e+05 3.693079e+03
4.020000e+08 1.343364e-06 2.820520e+05 3.720855e+03
4.010000e+08 1.425655e-06 3.027963e+05 3.749046e+03
4.000000e+08 1.511602e-06 3.247950e+05 3.777660e+03
3.990000e+08 1.601276e-06 3.481043e+05 3.806718e+03
3.980000e+08 1.694722e-06 3.727841e+05 3.836272e+03
3.970000e+08 1.791970e-06 3.988918e+05 3.866364e+03
3.960000e+08 1.893054e-06 4.264826e+05 3.897010e+03
3.950000e+08 1.998005e-06 4.556157e+05 3.928243e+03
3.940000e+08 2.106843e-06 4.863557e+05 3.960116e+03
3.930000e+08 2.219578e-06 5.187598e+05 3.992651e+03
3.920000e+08 2.336266e-06 5.528847e+05 4.025828e+03
3.910000e+08 2.456968e-06 5.887904e+05 4.059635e+03
3.900000e+08 2.581793e-06 6.265464e+05 4.094054e+03
3.890000e+08 2.710920e-06 6.662366e+05 4.129059e+03
3.880000e+08 2.844431e-06 7.079355e+05 4.164658e+03
3.870000e+08 2.982355e-06 7.517154e+05 4.200882e+03
3.860000e+08 3.124731e-06 7.976406e+05 4.237733e+03
3.850000e+08 3.271706e-06 8.457787e+05 4.275145e+03
3.840000e+08 3.423392e-06 8.961952e+05 4.313066e+03
3.830000e+08 3.579813e-06 9.489550e+05 4.351501e+03
3.820000e+08 3.741069e-06 1.004136e+06 4.390449e+03
3.810000e+08 3.907235e-06 1.061817e+06 4.429914e+03
3.800000e+08 4.078375e-06 1.122079e+06 4.469926e+03
3.790000e+08 4.254478e-06 1.184986e+06 4.510503e+03
3.780000e+08 4.435507e-06 1.250608e+06 4.551695e+03
3.770000e+08 4.621540e-06 1.319010e+06 4.593469e+03
3.760000e+08 4.812641e-06 1.390293e+06 4.635878e+03
3.750000e+08 5.008674e-06 1.464527e+06 4.679000e+03
3.740000e+08 5.209377e-06 1.541799e+06 4.723040e+03
3.730000e+08 5.414671e-06 1.622184e+06 4.768059e+03
3.720000e+08 5.624577e-06 1.705759e+06 4.814055e+03
3.710000e+08 5.838804e-06 1.792556e+06 4.861107e+03
3.700000e+08 6.057143e-06 1.882624e+06 4.909283e+03
3.690000e+08 6.279626e-06 1.976008e+06 4.958515e+03
3.680000e+08 6.506289e-06 2.072765e+06 5.008764e+03
3.670000e+08 6.737031e-06 2.172968e+06 5.060061e+03
3.660000e+08 6.971843e-06 2.276712e+06 5.112460e+03
3.650000e+08 7.210626e-06 2.384060e+06 5.165996e+03
3.640000e+08 7.452909e-06 2.495094e+06 5.220905e+03
3.630000e+08 7.698225e-06 2.609838e+06 5.277329e+03
3.620000e+08 7.946409e-06 2.728362e+06 5.335323e+03
3.610000e+08 8.197267e-06 2.850750e+06 5.394971e+03
3.600000e+08 8.450501e-06 2.977005e+06 5.456285e+03
3.590000e+08 8.706023e-06 3.107165e+06 5.519221e+03
3.580000e+08 8.963876e-06 3.241240e+06 5.583656e+03
3.570000e+08 9.224087e-06 3.379281e+06 5.649527e+03
3.560000e+08 9.486317e-06 3.521264e+06 5.716851e+03
3.550000e+08 9.750202e-06 3.667207e+06 5.785696e+03
3.540000e+08 1.001564e-05 3.817130e+06 5.856020e+03
3.530000e+08 1.028268e-05 3.971048e+06 5.927699e+03
3.520000e+08 1.055131e-05 4.129072e+06 6.000767e+03
3.510000e+08 1.082138e-05 4.291247e+06 6.075252e+03
3.500000e+08 1.109290e-05 4.457598e+06 6.151049e+03
3.490000e+08 1.136601e-05 4.628123e+06 6.227992e+03
3.480000e+08 1.164083e-05 4.802850e+06 6.305946e+03
3.470000e+08 1.191720e-05 4.981687e+06 6.384763e+03
3.460000e+08 1.219490e-05 5.164665e+06 6.464505e+03
3.450000e+08 1.247402e-05 5.351830e+06 6.545105e+03
3.440000e+08 1.275480e-05 5.543200e+06 6.626395e+03
3.430000e+08 1.303741e-05 5.738814e+06 6.708249e+03
3.420000e+08 1.332184e-05 5.938776e+06 6.790699e+03
3.410000e+08 1.360781e-05 6.143117e+06 6.873821e+03
3.400000e+08 1.389517e-05 6.351870e+06 6.957666e+03
3.390000e+08 1.418422e-05 6.565066e+06 7.042051e+03
3.380000e+08 1.447554e-05 6.782766e+06 7.126707e+03
3.370000e+08 1.476924e-05 7.004938e+06 7.211479e+03
3.360000e+08 1.506540e-05 7.231652e+06 7.296354e+03
3.350000e+08 1.536404e-05 7.462937e+06 7.381297e+03
3.340000e+08 1.566534e-05 7.698924e+06 7.466287e+03
3.330000e+08 1.596908e-05 7.939626e+06 7.551381e+03
3.320000e+08 1.627471e-05 8.185084e+06 7.636779e+03
3.310000e+08 1.658218e-05 8.435306e+06 7.722468e+03
3.300000e+08 1.689203e-05 8.690300e+06 7.808179e+03
3.290000e+08 1.720471e-05 8.950027e+06 7.893653e+03
3.280000e+08 1.752023e-05 9.214603e+06 7.978923e+03
3.270000e+08 1.783831e-05 9.483944e+06 8.063994e+03
3.260000e+08 1.815916e-05 9.758165e+06 8.148857e+03
3.250000e+08 1.848286e-05 1.003722e+07 8.233402e+03
3.240000e+08 1.880965e-05 1.032122e+07 8.317576e+03
3.230000e+08 1.913949e-05 1.061017e+07 8.401367e+03
3.220000e+08 1.947250e-05 1.090422e+07 8.484810e+03
3.210000e+08 1.980890e-05 1.120340e+07 8.567801e+03
3.200000e+08 2.014915e-05 1.150783e+07 8.650218e+03
3.190000e+08 2.049333e-05 1.181750e+07 8.732001e+03
3.180000e+08 2.084124e-05 1.213240e+07 8.813183e+03
3.170000e+08 2.119284e-05 1.245256e+07 8.893796e+03
3.160000e+08 2.154829e-05 1.277816e+07 8.973875e+03
3.150000e+08 2.190737e-05 1.310922e+07 9.053469e+03
3.140000e+08 2.226998e-05 1.344590e+07 9.132718e+03
3.130000e+08 2.263625e-05 1.378822e+07 9.211538e+03
3.120000e+08 2.300673e-05 1.413628e+07 9.289767e+03
3.110000e+08 2.338164e-05 1.449000e+07 9.367261e+03
3.100000e+08 2.376101e-05 1.484948e+07 9.444050e+03
3.090000e+08 2.414463e-05 1.521479e+07 9.520224e+03
3.080000e+08 2.453242e-05 1.558612e+07 9.595909e+03
3.070000e+08 2.492426e-05 1.596342e+07 9.671103e+03
3.060000e+08 2.532047e-05 1.634681e+07 9.745722e+03
3.050000e+08 2.572143e-05 1.673623e+07 9.819595e+03
3.040000e+08 2.612722e-05 1.713177e+07 9.892729e+03
3.030000e+08 2.653767e-05 1.753346e+07 9.965184e+03
3.020000e+08 2.695306e-05 1.794145e+07 1.003692e+04
3.010000e+08 2.737350e-05 1.835572e+07 1.010789e+04
3.000000e+08 2.779890e-05 1.877642e+07 1.017820e+04
2.990000e+08 2.822918e-05 1.920367e+07 1.024789e+04
2.980000e+08 2.866466e-05 1.963761e+07 1.031694e+04
2.970000e+08 2.910533e-05 2.007824e+07 1.038533e+04
2.960000e+08 2.955107e-05 2.052568e+07 1.045316e+04
2.950000e+08 3.000176e-05 2.097992e+07 1.052042e+04
2.940000e+08 3.045762e-05 2.144108e+07 1.058709e+04
2.930000e+08 3.091872e-05 2.190917e+07 1.065315e+04
2.920000e+08 3.138547e-05 2.238446e+07 1.071858e+04
2.910000e+08 3.185791e-05 2.286696e+07 1.078335e+04
2.900000e+08 3.233596e-05 2.335678e+07 1.084753e+04
2.890000e+08 3.281938e-05 2.385381e+07 1.091115e+04
2.880000e+08 3.330805e-05 2.435826e+07 1.097430e+04
2.870000e+08 3.380183e-05 2.487011e+07 1.103701e+04
2.860000e+08 3.430109e-05 2.538958e+07 1.109925e+04
2.850000e+08 3.480618e-05 2.591672e+07 1.116091e+04
2.840000e+08 3.531720e-05 2.645180e+07 1.122206e+04
2.830000e+08 3.583386e-05 2.699469e+07 1.128273e+04
2.820000e+08 3.635614e-05 2.754562e+07 1.134301e+04
2.810000e+08 3.688394e-05 2.810448e+07 1.140285e+04
2.800000e+08 3.741759e-05 2.867145e+07 1.146222e+04
2.790000e+08 3.795740e-05 2.924656e+07 1.152103e+04
2.780000e+08 3.850346e-05 2.983014e+07 1.157938e+04
2.770000e+08 3.905532e-05 3.042208e+07 1.163733e+04
2.760000e+08 3.961298e-05 3.102255e+07 1.169492e+04
2.750000e+08 4.017668e-05 3.163157e+07 1.175211e+04
2.740000e+08 4.074654e-05 3.224941e+07 1.180890e+04
2.730000e+08 4.132251e-05 3.287599e+07 1.186529e+04
2.720000e+08 4.190473e-05 3.351159e+07 1.192132e+04
2.710000e+08 4.249323e-05 3.415607e+07 1.197694e+04
2.700000e+08 4.308808e-05 3.480967e+07 1.203218e+04
2.690000e+08 4.368911e-05 3.547231e+07 1.208706e+04
2.680000e+08 4.429656e-05 3.614430e+07 1.214158e+04
2.670000e+08 4.491032e-05 3.682546e+07 1.219571e+04
2.660000e+08 4.553047e-05 3.751607e+07 1.224952e+04
2.650000e+08 4.615697e-05 3.821612e+07 1.230297e+04
2.640000e+08 4.679013e-05 3.892588e+07 1.235611e+04
2.630000e+08 4.742982e-05 3.964524e+07 1.240888e+04
2.620000e+08 4.807625e-05 4.037454e+07 1.246132e+04
2.610000e+08 4.872907e-05 4.111365e+07 1.251347e+04
2.600000e+08 4.938857e-05 4.186288e+07 1.256536e+04
2.590000e+08 5.005468e-05 4.262203e+07 1.261692e+04
2.580000e+08 5.072770e-05 4.339154e+07 1.266817e+04
2.570000e+08 5.140751e-05 4.417127e+07 1.271911e+04
2.560000e+08 5.209412e-05 4.496155e+07 1.276981e+04
2.550000e+08 5.278754e-05 4.576226e+07 1.282023e+04
2.540000e+08 5.348814e-05 4.657363e+07 1.287033e+04
2.530000e+08 5.419597e-05 4.739564e+07 1.292008e+04
2.520000e+08 5.491088e-05 4.822854e+07 1.296958e+04
2.510000e+08 5.563258e-05 4.907232e+07 1.301886e+04
2.500000e+08 5.636122e-05 4.992746e+07 1.306798e+04
2.490000e+08 5.709687e-05 5.079380e+07 1.311691e+04
2.480000e+08 5.783960e-05 5.167159e+07 1.316562e+04
2.470000e+08 5.858905e-05 5.256054e+07 1.321415e+04
2.460000e+08 5.934550e-05 5.346102e+07 1.326251e+04
2.450000e+08 6.010933e-05 5.437293e+07 1.331060e+04
2.440000e+08 6.088081e-05 5.529668e+07 1.335843e+04
2.430000e+08 6.165956e-05 5.623195e+07 1.340598e+04
2.420000e+08 6.244593e-05 5.717930e+07 1.345333e+04
2.410000e+08 6.323992e-05 5.813857e+07 1.350042e+04
2.400000e+08 6.404197e-05 5.911024e+07 1.354727e+04
2.390000e+08 6.485177e-05 6.009408e+07 1.359385e+04
2.380000e+08 6.566922e-05 6.109048e+07 1.364026e+04
2.370000e+08 6.649412e-05 6.209918e+07 1.368648e+04
2.360000e+08 6.732675e-05 6.312070e+07 1.373254e+04
2.350000e+08 6.816719e-05 6.415483e+07 1.377838e+04
2.340000e+08 6.901554e-05 6.520201e+07 1.382404e+04
2.330000e+08 6.987160e-05 6.626199e+07 1.386953e+04
2.320000e+08 7.073555e-05 6.733531e+07 1.391488e+04
2.310000e+08 7.160730e-05 6.842181e+07 1.396007e+04
2.300000e+08 7.248706e-05 6.952202e+07 1.400514e+04
2.290000e+08 7.337485e-05 7.063560e+07 1.405004e+04
2.280000e+08 7.427114e-05 7.176303e+07 1.409474e+04
2.270000e+08 7.517576e-05 7.290405e+07 1.413922e+04
2.260000e+08 7.608887e-05 7.405914e+07 1.418355e+04
2.250000e+08 7.700999e-05 7.522802e+07 1.422772e+04
2.240000e+08 7.793927e-05 7.641118e+07 1.427176e+04
2.230000e+08 7.887647e-05 7.760837e+07 1.431569e+04
2.220000e+08 7.982185e-05 7.882006e+07 1.435953e+04
2.210000e+08 8.077534e-05 8.004590e+07 1.440321e+04
2.200000e+08 8.173771e-05 8.128667e+07 1.444674e+04
2.190000e+08 8.270844e-05 8.254201e+07 1.449012e+04
2.180000e+08 8.368786e-05 8.381254e+07 1.453339e+04
2.170000e+08 8.467596e-05 8.509785e+07 1.457648e+04
2.160000e+08 8.567294e-05 8.639858e+07 1.461946e+04
2.150000e+08 8.667821e-05 8.771425e+07 1.466230e+04
2.140000e+08 8.769240e-05 8.904558e+07 1.470503e+04
2.130000e+08 8.871539e-05 9.039216e+07 1.474759e+04
2.120000e+08 8.974729e-05 9.175478e+07 1.479006e+04
2.110000e+08 9.078789e-05 9.313299e+07 1.483243e+04
2.100000e+08 9.183760e-05 9.452746e+07 1.487467e+04
2.090000e+08 9.289618e-05 9.593781e+07 1.491680e+04
2.080000e+08 9.396402e-05 9.736483e+07 1.495884e+04
2.070000e+08 9.504081e-05 9.880794e+07 1.500073e+04
2.060000e+08 9.612696e-05 1.002678e+08 1.504251e+04
2.050000e+08 9.722222e-05 1.017438e+08 1.508416e+04
2.040000e+08 9.832704e-05 1.032369e+08 1.512568e+04
2.030000e+08 9.944120e-05 1.047466e+08 1.516706e+04
2.020000e+08 1.005647e-04 1.062738e+08 1.520839e+04
2.010000e+08 1.016972e-04 1.078179e+08 1.524962e+04
2.000000e+08 1.028396e-04 1.093799e+08 1.529074e+04
1.990000e+08 1.039914e-04 1.109591e+08 1.533176e+04
1.980000e+08 1.051528e-04 1.125564e+08 1.537271e+04
1.970000e+08 1.063237e-04 1.141712e+08 1.541354e+04
1.960000e+08 1.075044e-04 1.158044e+08 1.545431e+04
1.950000e+08 1.086945e-04 1.174554e+08 1.549499e+04
1.940000e+08 1.098945e-04 1.191248e+08 1.553557e+04
1.930000e+08 1.111038e-04 1.208123e+08 1.557609e+04
1.920000e+08 1.123230e-04 1.225186e+08 1.561655e+04
1.910000e+08 1.135520e-04 1.242433e+08 1.565687e+04
1.900000e+08 1.147912e-04 1.259871e+08 1.569713e+04
1.890000e+08 1.160401e-04 1.277496e+08 1.573729e+04
1.880000e+08 1.172992e-04 1.295315e+08 1.577737e+04
1.870000e+08 1.185682e-04 1.313323e+08 1.581736e+04
1.860000e+08 1.198475e-04 1.331528e+08 1.585728e+04
1.850000e+08 1.211369e-04 1.349926e+08 1.589709e+04
1.840000e+08 1.224363e-04 1.368524e+08 1.593686e+04
1.830000e+08 1.237457e-04 1.387317e+08 1.597655e+04
1.820000e+08 1.250657e-04 1.406315e+08 1.601618e+04
1.810000e+08 1.263956e-04 1.425511e+08 1.605575e+04
1.800000e+08 1.277362e-04 1.444916e+08 1.609526e+04
1.790000e+08 1.290871e-04 1.464523e+08 1.613467e+04
1.780000e+08 1.304488e-04 1.484342e+08 1.617404e+04
1.770000e+08 1.318210e-04 1.504365e+08 1.621329e+04
1.760000e+08 1.332038e-04 1.524600e+08 1.625251e+04
1.750000e+08 1.345970e-04 1.545043e+08 1.629166e+04
1.740000e+08 1.360011e-04 1.565703e+08 1.633072e+04
1.730000e+08 1.374157e-04 1.586573e+08 1.636972e+04
1.720000e+08 1.388416e-04 1.607665e+08 1.640866e+04
1.710000e+08 1.402783e-04 1.628972e+08 1.644750e+04
1.700000e+08 1.417261e-04 1.650502e+08 1.648630e+04
1.690000e+08 1.431849e-04 1.672249e+08 1.652500e+04
1.680000e+08 1.446547e-04 1.694223e+08 1.656367e+04
1.670000e+08 1.461353e-04 1.716417e+08 1.660227e+04
1.660000e+08 1.476273e-04 1.738842e+08 1.664079e+04
1.650000e+08 1.491306e-04 1.761491e+08 1.667925e+04
1.640000e+08 1.506454e-04 1.784374e+08 1.671765e+04
1.630000e+08 1.521714e-04 1.807486e+08 1.675597e+04
1.620000e+08 1.537085e-04 1.830835e+08 1.679429e+04
1.610000e+08 1.552567e-04 1.854415e+08 1.683253e+04
1.600000e+08 1.568166e-04 1.878238e+08 1.687075e+04
1.590000e+08 1.583879e-04 1.902295e+08 1.690889e+04
1.580000e+08 1.599711e-04 1.926599e+08 1.694698e+04
1.570000e+08 1.615659e-04 1.951142e+08 1.698503e+04
1.560000e+08 1.631726e-04 1.975935e+08 1.702302e+04
1.550000e+08 1.647907e-04 2.000969e+08 1.706097e+04
1.540000e+08 1.664206e-04 2.026256e+08 1.709889e+04
1.530000e+08 1.680620e-04 2.051787e+08 1.713674e+04
1.520000e+08 1.697155e-04 2.077573e+08 1.717458e+04
1.510000e+08 1.713808e-04 2.103607e+08 1.721231e+04
1.500000e+08 1.730581e-04 2.129901e+08 1.725003e+04
1.490000e+08 1.747474e-04 2.156448e+08 1.728770e+04
1.480000e+08 1.764490e-04 2.183259e+08 1.732534e+04
1.470000e+08 1.781623e-04 2.210326e+08 1.736295e+04
1.460000e+08 1.798881e-04 2.237659e+08 1.740049e+04
1.450000e+08 1.816259e-04 2.265253e+08 1.743798e+04
1.440000e+08 1.833762e-04 2.293120e+08 1.747546e+04
1.430000e+08 1.851387e-04 2.321251e+08 1.751289e+04
1.420000e+08 1.869137e-04 2.349658e+08 1.755030e+04
1.410000e+08 1.887012e-04 2.378332e+08 1.758764e+04
1.400000e+08 1.905012e-04 2.407284e+08 1.762498e+04
1.390000e+08 1.923136e-04 2.436507e+08 1.766224e+04
1.380000e+08 1.941387e-04 2.466012e+08 1.769950e+04
1.370000e+08 1.959761e-04 2.495792e+08 1.773669e+04
1.360000e+08 1.978265e-04 2.525858e+08 1.777387e+04
1.350000e+08 1.996893e-04 2.556202e+08 1.781103e+04
1.340000e+08 2.015646e-04 2.586835e+08 1.784815e+04
1.330000e+08 2.034524e-04 2.617752e+08 1.788524e+04
1.320000e+08 2.053537e-04 2.648964e+08 1.792229e+04
1.310000e+08 2.072681e-04 2.680464e+08 1.795931e+04
1.300000e+08 2.091955e-04 2.712263e+08 1.799631e+04
1.290000e+08 2.111357e-04 2.744351e+08 1.803325e+04
1.280000e+08 2.130893e-04 2.776741e+08 1.807019e+04
1.270000e+08 2.150561e-04 2.809426e+08 1.810705e+04
1.260000e+08 2.170364e-04 2.842416e+08 1.814390e+04
1.250000e+08 2.190298e-04 2.875704e+08 1.818067e+04
1.240000e+08 2.210366e-04 2.909302e+08 1.821745e+04
1.230000e+08 2.230566e-04 2.943202e+08 1.825417e+04
1.220000e+08 2.250903e-04 2.977418e+08 1.829089e+04
1.210000e+08 2.271374e-04 3.011941e+08 1.832755e+04
1.200000e+08 2.291985e-04 3.046783e+08 1.836421e+04
1.190000e+08 2.312726e-04 3.081933e+08 1.840082e+04
1.180000e+08 2.333608e-04 3.117406e+08 1.843741e+04
1.170000e+08 2.354624e-04 3.153194e+08 1.847397e+04
1.160000e+08 2.375776e-04 3.189308e+08 1.851051e+04
1.150000e+08 2.397062e-04 3.225741e+08 1.854702e+04
1.140000e+08 2.418493e-04 3.262507e+08 1.858352e+04
1.130000e+08 2.440057e-04 3.299594e+08 1.862000e+04
1.120000e+08 2.461761e-04 3.337017e+08 1.865646e+04
1.110000e+08 2.483602e-04 3.374767e+08 1.869291e+04
1.100000e+08 2.505588e-04 3.412859e+08 1.872932e+04
1.090000e+08 2.527712e-04 3.451284e+08 1.876571e+04
1.080000e+08 2.549983e-04 3.490052e+08 1.880208e+04
1.070000e+08 2.572396e-04 3.529156e+08 1.883839e+04
1.060000e+08 2.594953e-04 3.568606e+08 1.887470e+04
1.050000e+08 2.617651e-04 3.608395e+08 1.891097e+04
1.040000e+08 2.640494e-04 3.648537e+08 1.894723e+04
1.030000e+08 2.663477e-04 3.689023e+08 1.898345e+04
1.020000e+08 2.686604e-04 3.729865e+08 1.901969e+04
1.010000e+08 2.709876e-04 3.771056e+08 1.905588e+04
1.000000e+08 2.733295e-04 3.812609e+08 1.909207e+04
9.900000e+07 2.756861e-04 3.854516e+08 1.912821e+04
9.800000e+07 2.780575e-04 3.896790e+08 1.916437e+04
9.700000e+07 2.804435e-04 3.939421e+08 1.920047e+04
9.600000e+07 2.828443e-04 3.982422e+08 1.923660e+04
9.500000e+07 2.852603e-04 4.025787e+08 1.927265e+04
9.400000e+07 2.876914e-04 4.069527e+08 1.930872e+04
9.300000e+07 2.901370e-04 4.113634e+08 1.934473e+04
9.200000e+07 2.925977e-04 4.158121e+08 1.938077e+04
9.100000e+07 2.950736e-04 4.202980e+08 1.941677e+04
9.000000e+07 2.975644e-04 4.248224e+08 1.945278e+04
8.900000e+07 3.000707e-04 4.293844e+08 1.948874e+04
8.800000e+07 3.025921e-04 4.339855e+08 1.952471e+04
8.700000e+07 3.051287e-04 4.386245e+08 1.956064e+04
8.600000e+07 3.076806e-04 4.433029e+08 1.959658e+04
8.500000e+07 3.102478e-04 4.480197e+08 1.963248e+04
8.400000e+07 3.128306e-04 4.527765e+08 1.966838e+04
8.300000e+07 3.154290e-04 4.575723e+08 1.970425e+04
8.200000e+07 3.180429e-04 4.624085e+08 1.974012e+04
8.100000e+07 3.206721e-04 4.672841e+08 1.977597e+04
8.000000e+07 3.233170e-04 4.722005e+08 1.981182e+04
7.900000e+07 3.259775e-04 4.771569e+08 1.984763e+04
7.800000e+07 3.286536e-04 4.821546e+08 1.988347e+04
7.700000e+07 3.313452e-04 4.871926e+08 1.991927e+04
7.600000e+07 3.340531e-04 4.922726e+08 1.995508e+04
7.500000e+07 3.367768e-04 4.973935e+08 1.999086e+04
7.400000e+07 3.395164e-04 5.025567e+08 2.002665e+04
7.300000e+07 3.422718e-04 5.077612e+08 2.006240e+04
7.200000e+07 3.450434e-04 5.130086e+08 2.009818e+04
7.100000e+07 3.478310e-04 5.182980e+08 2.013391e+04
7.000000e+07 3.506347e-04 5.236307e+08 2.016966e+04
6.900000e+07 3.534547e-04 5.290057e+08 2.020538e+04
6.800000e+07 3.562907e-04 5.344245e+08 2.024112e+04
6.700000e+07 3.591429e-04 5.398861e+08 2.027682e+04
6.600000e+07 3.620115e-04 5.453919e+08 2.031254e+04
6.500000e+07 3.648964e-04 5.509412e+08 2.034823e+04
6.400000e+07 3.677979e-04 5.565354e+08 2.038394e+04
6.300000e+07 3.707158e-04 5.621734e+08 2.041961e+04
6.200000e+07 3.736503e-04 5.678568e+08 2.045530e+04
6.100000e+07 3.766011e-04 5.735844e+08 2.049096e+04
6.000000e+07 3.795684e-04 5.793578e+08 2.052663e+04
5.900000e+07 3.825524e-04 5.851759e+08 2.056228e+04
5.800000e+07 3.855535e-04 5.910403e+08 2.059791e+04
5.700000e+07 3.885716e-04 5.969503e+08 2.063354e+04
5.600000e+07 3.916067e-04 6.029071e+08 2.066917e+04
5.500000e+07 3.946583e-04 6.089099e+08 2.070480e+04
5.400000e+07 3.977266e-04 6.149601e+08 2.074042e+04
5.300000e+07 4.008118e-04 6.210567e+08 2.077604e+04
5.200000e+07 4.039144e-04 6.272012e+08 2.081165e+04
5.100000e+07 4.070342e-04 6.333928e+08 2.084726e+04
5.000000e+07 4.101710e-04 6.396326e+08 2.088285e+04
4.900000e+07 4.133254e-04 6.459200e+08 2.091844e+04
4.800000e+07 4.164968e-04 6.522561e+08 2.095402e+04
4.700000e+07 4.196854e-04 6.586402e+08 2.098960e+04
4.600000e+07 4.228910e-04 6.650733e+08 2.102516e+04
4.500000e+07 4.261139e-04 6.715551e+08 2.106074e+04
4.400000e+07 4.293543e-04 6.780865e+08 2.109630e+04
4.300000e+07 4.326122e-04 6.846670e+08 2.113185e+04
4.200000e+07 4.358874e-04 6.912980e+08 2.116741e+04
4.100000e+07 4.391800e-04 6.979787e+08 2.120296e+04
4.000000e+07 4.424904e-04 7.047101e+08 2.123852e+04
3.900000e+07 4.458182e-04 7.114920e+08 2.127407e+04
3.800000e+07 4.491639e-04 7.183254e+08 2.130964e+04
3.700000e+07 4.525276e-04 7.252099e+08 2.134518e+04
3.600000e+07 4.559091e-04 7.321464e+08 2.138074e+04
3.500000e+07 4.593078e-04 7.391340e+08 2.141628e+04
3.400000e+07 4.627245e-04 7.461739e+08 2.145183e+04
3.300000e+07 4.661590e-04 7.532657e+08 2.148738e+04
3.200000e+07 4.696114e-04 7.604105e+08 2.152293e+04
3.100000e+07 4.730820e-04 7.676079e+08 2.155848e+04
3.000000e+07 4.765706e-04 7.748589e+08 2.159404e+04
2.900000e+07 4.800778e-04 7.821633e+08 2.162958e+04
2.800000e+07 4.836030e-04 7.895216e+08 2.166512e+04
2.700000e+07 4.871466e-04 7.969336e+08 2.170065e+04
2.600000e+07 4.907081e-04 8.043998e+08 2.173617e+04
2.500000e+07 4.942883e-04 8.119203e+08 2.177171e+04
2.400000e+07 4.978867e-04 8.194958e+08 2.180725e+04
2.300000e+07 5.015034e-04 8.271262e+08 2.184278e+04
2.200000e+07 5.051384e-04 8.348122e+08 2.187832e+04
2.100000e+07 5.087918e-04 8.425537e+08 2.191386e+04
2.000000e+07 5.124641e-04 8.503513e+08 2.194940e+04
1.900000e+07 5.161547e-04 8.582051e+08 2.198493e+04
1.800000e+07 5.198641e-04 8.661152e+08 2.202047e+04
1.700000e+07 5.235921e-04 8.740820e+08 2.205600e+04
1.600000e+07 5.273385e-04 8.821057e+08 2.209155e+04
1.500000e+07 5.311039e-04 8.901870e+08 2.212709e+04
1.400000e+07 5.348877e-04 8.983257e+08 2.216263e+04
1.300000e+07 5.386905e-04 9.065227e+08 2.219819e+04
1.200000e+07 5.425123e-04 9.147776e+08 2.223374e+04
1.100000e+07 5.463531e-04 9.230915e+08 2.226929e+04
1.000000e+07 5.502124e-04 9.314641e+08 2.230485e+04
9.000000e+06 5.540918e-04 9.398964e+08 2.234041e+04
8.000000e+06 5.579900e-04 9.483876e+08 2.237597e+04
7.000000e+06 5.619074e-04 9.569390e+08 2.241153e+04
6.000000e+06 5.658432e-04 9.655497e+08 2.244710e+04
5.000000e+06 5.697992e-04 9.742214e+08 2.248266e+04
4.000000e+06 5.737734e-04 9.829530e+08 2.251825e+04
3.000000e+06 5.777680e-04 9.917464e+08 2.255383e+04
2.000000e+06 5.817801e-04 1.000600e+09 2.258943e+04
1.000000e+06 5.858134e-04 1.009518e+09 2.262503e+04
0.000000e+00 5.898626e-04 1.018496e+09 2.266070e+04
